10632
85967 2
479675 1
310909 1
708320 1
828207 1
275648 2
871294 2
594249 1
365 2
190414 2
492710 2
329291 1
293773 2
713108 3
965970 2
549380 2
424861 3
29146 3
636035 1
529738 3
861123 2
662229 1
487637 3
620604 1
954867 2
157907 2
796875 2
913980 2
363637 1
750112 3
352696 3
207809 1
886226 2
202074 1
502168 3
583979 2
93190 1
263014 1
523455 3
166558 1
380759 2
432034 2
80387 2
876684 2
327047 1
970597 2
762554 3
250496 2
479490 1
355012 3
964800 3
636520 3
952393 2
610331 1
610051 3
338923 3
463509 1
217054 1
469372 1
523031 2
688543 1
532061 3
83153 3
949520 2
62503 3
915167 1
537340 3
853692 1
406790 1
2718 3
598614 2
536231 3
10937 1
819615 3
962426 2
481862 1
47916 2
671199 1
617784 1
72298 1
451892 1
6373 2
582721 2
209904 3
637363 3
693396 1
514316 3
418462 2
688563 3
399732 2
947217 3
237460 1
898054 2
17380 3
164526 2
976306 1
783407 2
325069 1
954998 2
144872 3
960873 1
328749 1
760416 1
126770 2
504956 3
971764 2
967088 1
911777 2
672800 3
156123 1
345343 2
953808 1
122277 3
266277 1
890951 1
470841 2
2706 2
636801 1
572358 1
753211 3
547093 2
655387 3
737657 3
296662 3
44800 1
442572 3
185188 1
826582 1
323560 2
299577 1
151688 1
529818 3
119731 3
365687 2
721880 2
60468 3
965702 3
176578 2
413419 2
136083 3
473355 1
64977 3
941103 1
790649 2
142496 2
595081 3
414242 3
600791 1
73146 3
472138 2
471105 1
451579 3
210620 3
618585 1
104349 3
658358 3
2274 1
358165 1
181324 3
510994 3
594855 1
899417 1
913177 2
556962 2
951333 1
559949 1
776654 3
189661 3
516141 3
422904 1
642501 2
358379 1
307724 2
367021 3
114377 3
466299 2
567293 2
661697 1
332188 3
772972 3
342706 3
568461 3
743738 1
867641 3
636370 2
640259 3
598609 2
29840 3
996083 3
659961 2
168185 2
543665 3
677701 1
409500 2
945703 1
282124 2
758567 2
711039 1
330264 3
127976 1
830572 3
431578 1
548695 2
47463 3
151788 1
392414 3
819167 3
883341 1
385558 3
374846 1
10482 2
183614 2
305956 1
663540 2
300938 1
632387 3
98525 3
818965 1
590662 2
899224 2
135191 3
620291 2
671338 3
973449 3
352278 1
370170 3
407224 3
299757 2
610500 2
2801 1
431362 3
281580 2
665871 2
686684 1
110900 2
968581 2
630411 1
863468 2
785415 1
994711 3
51570 3
914304 1
532163 2
83210 1
989268 3
895106 3
962141 2
684975 3
719470 1
32128 1
800889 2
566699 1
943180 1
919259 2
257914 1
415177 1
629781 3
608450 1
438672 3
774201 3
873621 3
34668 3
302980 3
880432 1
392748 2
466801 3
923796 2
214676 2
548699 3
925895 1
50255 1
834950 1
16253 3
762156 1
228864 2
807757 2
482063 1
832104 1
986786 2
303979 1
1051 2
967291 2
831082 2
175774 2
889488 2
675998 2
67859 3
80911 2
283674 3
269297 1
695197 1
470930 2
743095 3
852910 2
873773 3
9535 1
526993 2
876250 2
729098 3
237639 3
423240 1
180058 1
489257 2
551451 2
258426 2
734044 3
212068 3
810019 2
468061 3
505942 1
605561 3
138640 1
355813 3
153368 1
695692 2
744534 1
920669 1
479913 1
345185 1
811191 1
380940 1
846850 3
877422 2
787803 1
774008 2
981886 1
309278 1
640181 2
260723 2
876350 3
946804 1
879560 1
13363 3
712220 2
347686 2
435713 1
816047 1
10417 3
904351 1
690765 1
756530 1
441742 2
551660 3
240115 1
638261 2
991892 2
353077 2
196885 1
991636 1
421938 2
969216 1
106286 1
813330 1
215679 2
262692 3
786317 1
412624 3
455294 3
543156 2
661203 2
993641 3
316661 3
206447 2
403973 2
852381 1
125797 2
771742 2
954589 2
317471 3
167779 1
570635 3
230027 3
813539 2
689589 3
592028 2
92728 3
676105 2
788267 2
236754 1
393807 3
596917 2
125781 2
985845 1
157443 1
828611 2
662039 3
236321 3
222850 3
527629 3
847418 2
808449 3
910228 1
864276 1
966241 2
878341 1
527115 3
778844 2
572603 1
339818 2
781534 1
512694 1
209944 1
849441 2
418347 1
293205 2
855783 2
58611 3
645218 1
801509 2
783013 2
786652 2
164600 3
301897 3
779179 1
138776 1
878140 1
561821 3
915114 3
822845 1
579918 1
941384 1
304382 2
168823 1
204922 2
281240 3
544889 1
604836 1
449166 3
467791 3
784106 3
593747 3
827859 2
804604 2
599283 2
284135 1
488026 3
568946 3
134084 2
379611 1
341993 1
382343 1
183025 3
980353 2
338141 1
274078 2
165140 1
400781 1
935334 1
566514 3
178272 1
217272 3
97423 1
961176 2
575400 3
49823 1
374244 2
454476 3
754403 3
831566 1
885507 3
961996 2
102671 2
570049 3
273979 1
780235 2
287971 1
854177 2
944377 3
264727 1
336968 1
610728 3
154375 2
353435 3
192813 2
864352 3
774126 2
814320 1
693202 2
504945 1
780708 1
346013 2
160312 2
316331 2
803899 2
910463 3
44022 2
770121 2
289695 1
926505 1
309822 3
338697 3
97966 1
203219 2
512819 1
331188 1
600661 1
742011 3
749244 2
506376 2
596971 2
786315 1
926874 1
966419 2
611854 2
747814 1
45759 3
85301 2
394326 1
888098 1
430676 1
475920 3
681928 3
884658 2
106715 3
249721 3
547769 1
660130 3
759387 2
72768 3
896566 2
103681 2
970682 1
772179 3
926067 3
563458 3
672467 3
496814 2
620278 1
239002 3
8643 2
686137 3
590892 1
852525 2
47454 2
351140 2
833337 2
227969 2
35363 3
421261 2
213834 1
656745 3
133902 3
161170 1
753885 1
179059 3
830896 3
911363 2
28588 3
159735 1
467473 1
656440 2
245190 3
787437 3
572261 1
174996 2
818284 3
376199 2
944186 1
775020 2
508056 3
598169 2
675267 2
868708 1
437982 3
26470 1
554824 2
890601 3
558395 2
617092 1
546497 1
312952 3
372315 1
8710 3
279493 2
762227 1
989953 2
769343 1
745450 2
490650 2
828299 2
968761 2
642345 1
706692 2
522192 2
705538 1
56834 1
518417 1
863288 1
467664 3
426446 2
493588 2
833326 1
455617 2
973020 2
90438 1
48094 2
246815 1
48811 1
463014 1
178518 3
430332 1
86651 1
395002 3
165258 2
90800 3
95590 2
365936 1
293232 3
270404 2
893406 2
3695 1
442478 2
787865 1
517408 3
427206 1
81737 3
43329 1
504921 1
233243 3
821197 2
688059 1
984869 3
131239 3
590771 1
287843 3
771867 2
480019 3
760342 3
359022 2
904209 2
230344 3
768362 1
406041 2
317185 2
27199 2
75224 2
839436 3
593107 3
475707 3
507803 3
903155 3
979473 2
824583 2
311588 2
990128 2
116654 2
571042 1
476784 3
974985 3
166533 3
741059 2
154827 3
442831 2
283478 2
848886 1
231681 2
942989 2
619076 3
789739 2
374350 3
646604 2
302023 3
169557 1
116999 2
37031 3
84578 1
825738 2
803097 1
511901 1
596987 3
542766 1
449975 3
25778 1
401293 1
216618 2
852225 2
152305 2
285915 1
971886 3
490332 1
194761 1
492430 2
985484 3
60944 1
223912 3
815946 1
20879 1
695198 2
172088 2
770476 1
926734 3
181500 2
362372 2
260722 1
603872 3
759167 1
101815 3
451679 1
194474 1
299333 1
217589 1
777448 1
497402 1
939535 3
664972 1
280692 3
863580 3
488374 3
586078 3
724110 3
75303 3
166671 1
448245 2
165365 2
963420 1
501508 1
140970 1
936848 1
766260 2
439567 2
160317 2
221699 1
484235 1
996188 2
259686 1
667489 3
734013 2
6522 2
195864 1
728957 1
856169 1
795213 1
449256 3
681233 1
280222 2
831000 1
47203 3
494925 3
400964 1
682652 2
869299 1
14496 1
469985 1
842634 3
63603 2
131334 1
256304 3
234929 2
452662 2
892908 3
480011 3
473390 2
58247 3
739438 3
272820 2
187068 2
123708 3
309468 2
169453 1
978886 1
262855 3
505751 1
383746 1
834089 1
614269 3
762862 1
373396 3
44868 2
129958 3
707931 3
947242 2
967561 2
377248 1
655920 3
419001 1
178844 1
482833 1
630829 3
561356 2
847314 1
97879 2
854252 2
364303 1
386870 1
513090 3
892691 3
851662 3
708304 2
302647 3
905020 1
459668 3
635495 2
125919 1
681519 3
731536 1
302635 3
565859 1
415879 1
331909 1
598863 1
132990 1
401581 1
635103 3
976741 2
813877 3
94067 1
391048 2
190967 2
793014 2
230088 1
222830 3
783719 3
227001 1
945659 1
959747 2
383067 2
199952 1
84014 1
59781 3
130821 1
239011 1
134967 2
625389 2
806256 2
18892 2
497088 3
766527 1
462099 1
134367 1
4106 2
314810 3
639188 2
69570 2
906929 2
142709 2
476216 2
743065 2
752709 3
591699 3
280958 1
257553 3
852341 2
763262 3
379397 2
733144 1
277805 3
676646 3
309142 3
353084 2
580769 2
547294 3
673554 3
858 2
673844 3
689846 3
222989 3
117569 3
565906 3
799618 1
979553 2
658495 2
892889 2
616465 2
471778 1
277737 3
435458 2
224943 2
395644 2
119861 1
64958 2
494657 3
268317 2
847441 2
809064 2
414724 3
891048 2
783411 2
978519 2
326240 1
687611 1
297126 1
546376 1
306662 3
234699 2
813047 1
221151 2
210024 3
550683 3
70948 2
905289 3
116864 2
959138 2
516560 2
480353 3
197804 1
593544 2
951550 2
110336 3
244659 2
859569 3
821743 1
504513 1
373001 3
421333 3
772498 2
831228 1
650071 2
528071 1
350142 2
224031 1
651960 3
747596 1
978365 2
71562 1
203945 1
422961 2
588483 2
532600 2
807909 1
418740 2
532482 3
967675 1
510732 2
973321 1
657738 3
228645 3
217572 1
723628 2
672334 1
997662 1
703933 2
218672 2
179859 2
616912 1
830436 2
488336 2
12623 2
100548 3
714191 1
483811 3
742163 2
270221 3
860677 2
456070 1
495979 3
205611 3
510046 2
588807 1
459373 3
451368 1
701740 1
452233 1
691330 2
671868 1
811346 2
94141 2
133318 1
695190 1
563579 3
834649 2
939932 2
137719 1
775311 2
81016 3
510286 2
50783 3
332548 3
728951 2
849048 2
280734 1
155256 1
966813 2
136038 3
483871 2
153953 1
549113 1
633289 1
987614 2
431967 3
855712 3
308473 1
939344 3
237259 2
303147 1
803609 1
434296 2
417738 1
924460 2
627950 1
563940 3
383949 2
183957 2
703957 3
576218 3
833061 1
343302 1
645271 3
589088 3
738047 1
945340 2
395585 3
548740 1
355972 1
232069 1
107317 2
373912 2
259289 3
563155 1
389010 1
477720 2
644054 2
151413 1
300336 2
108380 3
418959 1
681638 1
723638 3
200254 1
829099 3
629211 1
990896 1
676619 3
618373 1
344880 2
895038 3
395557 3
984421 3
222116 1
464488 2
180383 2
830022 3
513461 3
129875 3
626014 3
64828 2
612267 3
161787 1
622679 1
961376 2
866234 3
508500 2
788385 1
819251 3
239156 2
412568 2
251543 3
441337 2
387274 2
435194 2
475156 2
176031 2
966652 1
767282 1
63981 1
529354 3
237975 2
956073 3
746062 3
600852 1
285177 1
426285 2
970059 1
847189 2
414309 3
424642 3
809752 2
927348 3
549045 2
266721 3
117155 1
633344 3
689240 1
15009 2
115620 3
160348 3
748949 1
967071 2
874362 3
220141 2
340293 1
582759 3
355788 2
751790 1
319612 1
729342 2
977053 2
233463 1
162278 1
373479 1
877244 3
849285 1
482592 2
98932 3
331594 1
15142 1
265174 1
78938 3
4141 1
17338 2
624237 3
382131 3
980224 1
768014 2
157168 3
740931 2
770246 3
931230 3
208808 1
161298 3
726081 2
923623 1
612848 2
2770 2
561553 3
543546 3
726744 1
407675 1
918390 3
232584 2
826554 3
208438 3
169045 1
223372 2
178101 1
691876 2
897809 1
77602 2
350886 3
849398 2
751613 1
368140 1
591127 3
992014 1
601923 2
509148 2
320365 1
859053 2
209140 2
988128 1
76010 3
599501 1
830905 3
503786 3
460258 2
254869 1
465727 2
763623 2
913774 1
622491 3
673322 2
945167 3
380547 2
628154 1
163089 3
74738 3
180331 2
586987 1
592109 2
827668 1
655066 3
981486 3
264097 3
503877 2
405695 2
635604 2
670689 1
182695 1
185785 1
413804 1
66485 3
310871 1
768345 2
823981 1
519254 1
227636 1
352261 1
153156 1
126701 2
380758 2
324749 3
14860 3
341205 2
237476 2
446232 3
437097 3
593932 2
144226 2
774044 2
869811 1
659740 3
639066 3
891378 1
740747 1
454265 3
970707 3
257869 1
438622 1
204608 1
828047 2
748234 3
852509 1
185022 1
534133 2
695359 1
846339 1
459011 1
208432 1
4258 1
297435 3
319240 2
651343 3
153290 2
577966 3
366669 2
954841 2
149059 2
608254 2
420312 2
93153 3
751386 1
860815 2
699034 3
997399 1
534776 2
944057 2
966783 2
868072 3
602775 3
644526 2
582669 3
729285 3
21621 1
556632 2
647300 2
478684 2
289611 2
678726 1
686773 1
936934 1
408569 1
604464 1
565727 1
650681 3
373841 1
188354 1
570873 1
452905 1
149210 2
814382 1
856401 3
34557 1
443139 1
646645 2
692665 3
31398 3
852758 2
490871 3
209563 3
379947 2
191987 2
145762 3
576011 2
946428 2
70212 3
373033 2
806925 1
682641 1
37919 3
865089 2
639099 2
812656 3
865679 2
839209 2
167413 2
804233 2
772918 1
137181 3
182751 1
128879 1
672845 3
959256 2
403051 3
64445 3
749970 1
611366 3
38892 1
44172 3
936609 1
894477 1
385010 3
306092 3
104775 2
15009 1
379175 3
846687 2
39875 1
145214 3
319808 1
932716 3
512611 2
12428 2
183763 1
675114 2
15491 3
146092 1
235672 3
418868 3
980360 2
661465 2
870261 2
952786 3
543353 1
708918 3
879047 2
793047 3
173683 3
967721 2
582813 3
44455 1
732661 1
813242 1
521276 1
593299 1
779360 1
36437 1
641352 1
635714 2
189333 1
244571 3
175420 1
795470 3
402778 1
322040 3
651001 2
335076 1
868574 1
580237 1
723244 2
214115 2
500579 1
475338 2
771639 3
998716 1
212603 2
22928 3
452356 2
876064 2
848465 2
288377 2
647617 2
277862 2
73533 2
581863 2
503507 3
866644 2
44158 3
236952 2
497633 1
888847 3
921411 2
101641 3
728037 1
148556 3
545517 2
120773 1
864763 2
105812 2
837412 1
638728 1
455491 3
853410 1
743809 1
301291 1
526645 3
976072 2
792191 1
685615 3
671377 3
545918 3
572138 2
37173 3
65827 1
758133 3
709387 2
742619 3
105090 2
960738 2
149034 1
417444 1
600261 2
82368 1
814290 1
737356 1
727993 1
711976 3
957189 2
392274 1
173962 1
334347 1
767658 1
791851 3
161644 1
475350 1
57358 1
401429 2
307818 3
760825 1
84694 3
837325 1
496190 3
143003 3
837412 2
100376 2
210559 2
798387 2
339178 2
576620 2
18913 2
450974 2
796550 3
684043 1
149880 3
124747 3
652755 3
294290 1
352930 1
579328 3
864663 3
308237 1
483725 1
932704 2
969380 1
14350 2
506054 3
224939 1
756856 2
108717 2
851719 2
926757 2
614917 2
505674 2
329810 3
646932 3
863130 1
317924 2
26763 2
542368 2
641901 2
635053 1
888602 3
184780 2
173217 3
979365 2
926785 2
887894 3
459444 1
567911 2
239044 1
749055 1
736569 1
759659 3
286643 2
909163 2
248312 1
316673 1
119441 3
784839 3
157505 2
358234 2
490188 2
276717 3
661145 1
136794 1
49432 2
207791 3
625521 1
14680 3
62481 2
495699 1
307842 2
270441 3
339784 2
812867 1
980743 1
613761 1
322170 3
738408 1
526100 3
537830 2
512342 3
655697 3
314547 2
888084 2
694018 3
899504 3
937106 2
276225 2
630145 2
906623 1
605332 3
218419 3
181588 3
373871 3
286389 3
126587 2
37684 1
677387 2
889449 2
531683 1
500092 2
57132 3
69830 2
167883 1
11324 3
320480 2
467282 1
796572 2
369383 1
68831 2
444818 1
899049 3
819886 2
701141 3
644498 3
616855 2
467117 1
698260 3
926579 3
568614 1
695376 2
942021 1
508435 3
422323 3
542061 3
72945 2
369644 3
351970 3
213875 3
140498 1
239662 1
757394 1
187562 1
49794 3
734484 2
876310 2
586588 3
558647 2
458690 2
167372 1
775170 3
828893 3
139300 3
593217 1
361046 1
785868 2
107832 3
182365 3
48421 2
789966 3
696966 3
498906 1
32462 2
374172 2
368234 2
898860 1
876773 1
51485 3
637129 3
702130 3
65247 3
446123 3
112047 3
658951 1
669697 3
252440 2
213466 1
339735 3
824683 1
775431 1
389766 2
327226 1
950929 1
56762 1
896100 3
339872 3
918748 3
840207 2
452721 2
665308 1
592873 1
880409 1
349168 1
532873 2
450102 2
348875 2
810724 1
304055 1
211166 3
341099 2
693545 2
609774 1
678224 3
738733 2
824872 2
813414 1
219392 2
930703 1
554728 3
428499 1
591710 3
147178 1
335510 3
369932 3
43959 1
410300 1
395876 3
167697 1
890726 2
355584 3
825345 3
521924 1
999130 3
427881 3
636001 3
828240 2
879615 1
205835 2
617721 2
552294 1
322208 3
858710 2
53321 1
582374 2
769662 1
989518 3
610043 3
939018 2
868878 1
368343 1
973766 1
470526 1
892018 3
309767 3
42369 2
413278 2
968711 3
698306 2
744641 3
945768 1
320771 3
915768 3
801147 3
115255 3
940813 3
174424 2
993450 1
765940 3
406189 2
9918 3
758114 3
347577 2
769643 2
937807 2
171866 3
733421 1
718100 1
527642 2
644350 2
426423 1
440978 1
398498 1
884863 3
782569 3
899446 3
889861 3
959487 1
130287 1
438034 2
411770 1
505012 1
914805 2
929981 3
728126 3
416077 3
246391 3
897755 2
677082 1
571915 2
481359 1
300131 2
82398 2
419116 2
714763 2
927242 1
859694 2
476816 3
313675 1
595008 2
571488 1
80718 3
869962 1
580348 1
934933 3
932349 3
201463 3
988583 2
36158 1
269956 3
280468 2
994431 2
255121 1
727458 3
218419 2
148012 1
154873 1
197849 1
685722 2
187253 1
839153 1
267463 3
395592 1
48119 2
532207 3
37512 3
530825 3
14049 1
384738 1
399288 3
242412 1
196038 1
759912 1
79459 3
598894 2
784738 2
503290 2
21841 2
615371 3
766008 1
950639 3
922066 3
241069 3
41303 1
677479 1
981554 3
434365 1
144324 3
244317 2
197183 3
704187 1
995319 1
441438 3
753077 2
746687 2
384449 3
787186 2
330908 1
56098 2
125637 2
283625 3
405127 2
638678 1
72275 2
683489 1
839519 3
208650 1
436234 1
772340 2
351500 2
495040 2
101547 2
419817 1
660556 1
538324 3
874205 2
403905 3
387229 2
105792 2
859439 2
262114 2
19063 2
604523 2
407924 2
673489 1
509906 1
120897 1
322289 3
125337 2
328986 1
465526 3
265353 2
868601 1
26158 2
352537 1
561486 1
415768 1
629729 3
92088 3
832508 2
85230 1
443278 3
425044 2
159521 1
345991 1
57860 1
378703 2
712090 1
966647 1
646015 3
272490 2
36183 1
222517 2
853981 1
252520 3
442258 2
664860 3
858517 1
983934 3
184924 3
206067 1
404749 1
379919 1
375570 3
524730 2
891433 1
496320 3
819370 2
44517 2
820056 1
970739 3
218075 2
990734 2
174168 1
635040 1
429993 2
278493 1
545362 3
180163 1
728563 1
236395 1
72299 2
2144 3
250939 3
419622 3
509191 2
608263 1
77970 1
16360 2
990144 1
212211 3
637010 1
601444 2
305772 2
397195 1
368938 3
241141 2
758485 3
975877 2
850807 2
202976 2
912851 2
426058 3
815535 1
774505 3
807455 1
531016 2
760024 3
944938 3
444643 1
103400 3
83131 2
953528 3
624571 1
921582 3
944898 3
958624 3
439955 2
257389 1
288425 3
331297 3
997934 1
624101 3
715823 3
327443 3
185455 2
623636 2
159631 1
142276 2
544575 1
21825 2
541112 3
601106 1
574102 3
430674 3
856828 3
990323 1
23965 3
226538 2
384916 2
782475 1
998732 2
583093 3
952450 2
259366 2
936676 3
748023 1
455308 3
287064 3
780797 2
942333 1
71949 1
746734 2
908204 1
511179 1
862507 1
375200 3
634268 2
205136 3
694602 2
19144 2
357943 3
720800 2
687278 3
556839 1
664681 3
879642 3
614481 3
991344 3
953315 1
74005 3
959470 2
469037 3
403354 1
859161 1
561578 3
227418 3
349062 2
820332 3
46724 2
726078 2
376751 1
93581 3
483084 3
464735 2
711687 1
169478 1
953328 1
242258 1
711005 1
858448 3
984826 3
860567 1
529059 3
546706 2
29234 2
527329 1
271595 1
121690 3
432861 1
461354 3
205166 3
195895 1
589228 1
454591 1
838185 1
508009 3
215224 2
394634 2
940031 1
630265 2
942259 2
1649 1
814611 2
360917 1
663834 2
283618 2
394781 2
430736 3
330919 3
463820 2
974034 1
402440 2
136557 3
384434 1
641871 3
891964 3
281089 3
640200 2
739239 2
490471 2
759422 3
946015 1
900468 1
16018 3
861728 2
492387 3
498096 3
973777 1
328996 3
292653 1
556991 2
353721 1
354831 2
775856 2
454182 2
144673 2
874916 1
129203 3
970801 2
193645 2
835535 3
143995 2
512544 3
289341 1
382573 3
568948 1
565055 3
598765 3
162385 2
224798 3
700639 1
835811 2
175957 1
384115 1
702714 3
790762 2
877753 1
170209 1
624408 2
99595 3
460656 2
979053 1
847701 2
381993 2
518418 2
178124 2
459527 3
126984 1
527011 2
586060 2
511229 1
955104 3
836300 1
487054 2
977798 3
135992 2
113429 2
183876 1
483269 2
490316 3
429345 3
343441 3
108709 3
54961 1
429848 3
638822 1
849186 3
140349 2
282579 3
441624 1
536137 1
658827 2
341365 2
568604 3
291527 2
853017 3
719303 1
336474 3
830221 2
803031 1
212014 2
428765 3
176964 2
341469 3
262455 2
328675 1
614381 1
255093 1
908705 3
321802 2
928398 3
902094 3
906126 2
322665 3
267498 3
623849 1
465314 2
28931 1
182211 1
580080 1
297229 2
157234 3
661249 1
886326 3
906934 3
764515 3
230686 3
182621 2
327326 1
908774 2
432600 1
12295 1
734282 2
153144 1
249570 2
639797 2
634615 2
667194 1
291450 2
186460 2
568257 1
929372 1
810805 1
213093 2
516066 1
284481 2
863440 2
128322 2
454663 2
860112 1
180406 2
51585 3
749719 3
595923 2
567907 3
9680 2
329077 2
389685 2
901502 2
595779 2
827136 2
613988 1
31008 3
469807 2
141886 2
507527 1
162529 3
329106 3
96012 1
194858 3
533987 2
228269 2
143469 3
338551 1
450585 1
377074 2
312934 2
677620 2
996603 3
795405 3
829542 2
956166 3
989928 3
454077 1
106309 1
996112 2
995722 2
780465 3
46658 2
917953 3
465650 3
657854 1
849438 3
763426 3
319052 3
297398 3
757860 3
23995 3
532489 3
611616 2
443747 3
829071 1
554044 2
968307 3
968497 1
797865 1
608808 3
453819 3
512183 1
808783 3
211943 2
24548 1
312185 2
190269 1
455728 3
175598 2
502756 3
87001 3
887003 1
5493 3
796941 1
5348 1
41411 2
805854 3
202242 2
791994 2
950848 2
554947 3
211453 2
549632 2
190513 1
944003 2
160043 1
243645 3
281998 2
815224 1
691525 1
3656 3
518778 2
140375 3
522198 1
373892 1
530549 3
918872 3
946667 2
16224 1
152796 1
624271 2
775560 3
619827 3
418005 1
78063 1
646842 1
21338 3
734921 3
879681 3
902120 1
789443 3
572270 1
771633 1
469375 1
777776 1
213334 1
568651 3
443490 1
400052 2
397798 1
529781 1
306014 3
631334 2
917273 2
302309 3
975545 1
989343 2
480896 3
816425 1
130148 3
999715 1
417417 3
759551 3
493216 3
899109 1
30182 2
509212 2
24177 3
580082 1
671417 2
653379 3
205448 3
31623 3
852206 1
477183 1
867051 1
779265 2
954597 2
44896 1
240301 2
78673 2
362216 2
756102 3
181950 3
866619 2
75804 1
504955 2
760222 2
723251 2
130094 3
821429 2
644128 2
349549 1
378413 2
623471 3
987463 1
313902 3
461438 3
458962 2
748915 2
71680 3
26491 2
366385 1
639657 3
511729 1
513801 2
733125 1
139869 2
533690 3
76117 1
780281 3
275555 1
410046 3
448095 1
552920 3
97093 2
936800 3
831859 1
544665 2
50912 1
626701 3
115139 3
335528 1
685696 3
448914 3
988402 1
871897 3
384536 3
869043 1
777370 2
267573 2
64422 2
193419 3
57341 2
254780 1
34491 2
471551 3
365714 1
664036 2
454431 3
460646 3
579125 3
561807 3
84452 1
406120 2
771604 1
924834 3
268231 3
641979 3
620154 3
980061 3
340225 3
265003 3
674160 2
589044 3
898778 2
386622 3
55039 2
305773 3
636413 1
716401 3
402527 3
986791 1
668719 2
481028 1
134017 3
82536 3
553245 2
932726 1
333361 3
988792 1
439800 3
950979 1
835517 2
87177 1
43564 2
491501 3
323482 3
353552 1
382428 1
886323 2
503886 1
663281 3
469959 1
248934 1
677675 3
172221 3
405390 3
488366 1
272275 3
402376 2
552067 2
686132 3
151653 2
911101 3
745725 2
839926 1
770674 2
672770 3
724026 3
227987 3
490168 3
551818 3
218755 1
898038 1
619106 2
496051 3
402078 2
34704 1
291 3
329145 1
628273 1
209314 3
205981 3
271231 1
662339 1
765995 3
659835 3
566476 1
836886 2
847964 2
251600 2
846561 2
828718 1
817925 3
260941 2
108971 3
996511 2
76472 3
656820 1
438992 1
470995 2
532415 2
88825 3
854339 3
439038 2
228924 1
136873 2
901295 2
313054 3
879403 1
635668 3
881294 1
727131 3
317000 2
140342 1
836837 2
551275 3
111657 2
849675 1
675654 3
365206 1
858613 3
553295 2
62018 1
83077 2
892250 2
419283 2
954109 3
670550 2
429212 2
688567 2
916354 1
145621 3
394684 2
592528 2
585628 2
304602 3
435740 3
60213 3
920229 1
864672 3
875680 2
31570 3
110543 1
964392 1
613242 1
443104 1
280291 3
213609 1
220613 3
202367 2
357272 2
734131 3
744135 3
717683 2
742512 2
882601 3
961613 1
799515 2
656708 3
596963 2
100137 1
999883 1
292902 1
557931 1
268317 2
706236 2
154259 3
606867 3
106844 2
556191 3
205881 2
111478 2
411277 3
989529 2
719549 2
220725 2
730968 3
3878 2
940304 2
200365 3
198026 2
430469 1
953772 3
290531 3
90233 2
296381 1
383142 2
776744 3
881805 3
89675 2
794700 2
215774 1
785924 1
993837 2
940824 1
7757 1
42931 3
407917 3
219355 3
755965 3
458092 2
318784 1
978234 3
105642 2
942843 1
341897 3
544330 3
3320 1
63419 2
497006 2
105355 1
567997 2
850782 3
35173 1
823768 1
15611 3
375735 3
883543 3
811587 3
328200 1
843147 1
524246 2
845001 1
609158 3
209191 3
373855 2
947703 1
315991 2
575492 2
979800 2
221837 2
811989 1
864097 2
600139 3
555473 3
928201 2
527187 3
983103 1
85514 3
477148 1
295403 1
412808 3
544941 2
909644 1
218736 3
337556 3
873303 3
556168 3
503846 1
147118 1
719356 3
144163 2
901747 2
915409 2
714766 2
532690 1
649747 1
174965 1
647763 2
855831 2
221558 3
39623 2
915677 1
516248 3
389472 3
241819 1
885244 3
720313 1
352526 2
900894 3
39594 3
496202 1
934542 3
88833 3
40828 1
386376 2
105966 3
509831 1
87090 1
255834 3
333400 2
860096 1
193040 2
907566 2
510744 1
684295 3
272635 2
446596 2
475840 2
795049 1
153121 1
584030 3
366537 1
571886 1
899145 2
322514 1
320083 3
706052 1
75895 3
714503 3
269737 3
207592 3
830172 1
634754 3
842522 1
741110 1
918298 1
758445 2
612020 1
606596 2
59768 3
186333 2
210109 2
931757 2
245559 2
408342 2
51564 1
892230 1
879988 1
547003 1
675407 2
26095 1
885039 1
72152 3
956932 1
959097 3
146061 2
428273 1
694298 2
106983 1
927731 3
265919 2
323604 2
171344 1
139214 1
218598 2
766345 2
495395 2
577403 1
416536 3
663167 1
596083 2
527151 1
178725 3
497810 3
438924 1
347413 1
574664 3
365163 3
271989 2
922187 3
797190 1
387327 1
85442 2
105172 2
537814 3
31592 1
13028 1
537044 1
805972 3
834238 2
241925 1
464261 1
883577 1
284070 1
247365 2
438296 2
356308 3
869578 1
418427 1
24211 1
413013 3
543649 3
391413 3
897476 3
854658 2
109719 3
657210 3
957935 1
504203 3
283283 1
259044 1
339835 3
958834 2
432667 2
647035 2
446815 3
875944 1
252961 3
5956 1
390763 1
234273 2
877026 1
622606 2
463452 1
261612 1
177488 2
109196 3
519857 2
970481 1
263603 1
549169 2
402061 3
493177 3
426928 1
881837 3
782655 1
657621 3
39679 3
92271 1
56536 3
495373 2
159700 1
22816 1
160020 3
623266 3
845936 2
872673 1
446160 1
690024 1
438331 1
701923 1
995185 3
329302 3
306038 1
506420 1
988974 2
310531 1
817867 1
679951 2
28447 2
828991 2
538865 3
930066 3
522808 3
126508 2
906936 1
963996 2
529524 1
884188 1
893411 3
511054 3
673960 2
78583 1
401472 3
497924 3
27568 2
242716 1
406332 2
443259 3
73539 2
323345 2
91091 2
387979 1
138828 2
575897 2
482152 3
927680 3
921454 2
188457 3
338129 3
163564 2
991978 1
576238 1
296127 2
638291 2
398074 2
537918 3
529329 1
573164 3
751094 2
715273 2
419763 1
973047 1
423530 2
47486 2
191 1
415432 3
736289 1
161565 2
168991 1
590049 3
264678 3
890255 1
931972 3
905435 1
642008 2
358860 3
174998 3
728864 3
489726 1
332386 3
721349 1
76045 3
352976 2
764397 3
677715 3
816997 1
770503 3
739003 3
322731 2
714499 3
857800 3
247380 3
41961 3
861530 1
32399 3
490232 3
63234 1
334105 2
760233 1
647597 1
996243 1
125904 1
451947 1
307408 1
430307 3
681111 1
888091 3
994207 2
94210 3
591864 1
802076 2
489433 2
332017 1
276725 1
499824 3
884671 1
898771 1
706566 1
645003 3
559289 2
329991 1
494297 2
588750 1
523848 3
388858 1
914825 1
872802 3
820712 2
345011 3
671654 1
784935 3
923244 3
88853 3
476538 3
95609 2
325016 2
335270 2
758588 1
354741 3
760416 3
420673 1
69244 1
377498 3
748080 1
447276 2
999507 3
798022 2
398536 1
778500 1
675857 3
820003 1
677485 3
139425 3
151238 3
542979 3
566108 3
826183 3
257545 3
493305 1
809814 2
778216 2
735988 3
238668 2
196840 1
517281 2
711770 3
215069 2
558098 1
207134 1
829458 1
145174 2
929680 3
337774 1
615479 3
676941 2
569432 3
788182 1
884119 2
121429 2
768996 2
271425 1
253459 3
418697 2
652734 2
416072 1
87638 3
710693 2
404926 3
987795 2
431844 2
150052 1
616670 1
5075 1
756464 2
823691 1
693871 1
752923 3
576772 2
920126 2
517730 2
948517 1
264573 3
519403 2
799153 3
562655 3
618214 2
634560 3
818461 3
50946 3
7360 1
383516 2
491830 2
998631 3
158942 2
420300 1
955857 3
432944 1
900695 3
4526 2
111659 1
306929 2
428667 1
338020 1
819908 1
908599 3
915137 1
47499 2
688221 1
199367 3
523322 1
942220 3
642296 3
335635 2
145294 1
425491 1
722206 3
877458 1
429509 2
188966 1
795261 3
438192 1
914351 3
68616 2
126843 2
779019 1
334103 3
191293 1
612 2
602272 2
413747 1
790783 1
829500 2
547448 2
719003 3
322266 2
448897 3
143835 1
378008 1
754077 1
533428 1
723641 3
741049 1
165687 2
328735 2
549547 2
294744 1
30800 2
139669 1
660577 1
397092 2
814473 3
266294 1
190198 3
649790 1
763175 3
329116 1
160556 3
974218 2
16678 1
174935 3
6758 3
707514 2
420696 2
804733 3
335092 3
285130 2
669176 1
15006 3
669108 3
326279 3
655142 3
693930 3
187461 1
188689 1
159005 2
963796 1
707412 3
309054 1
253242 3
611089 3
417911 1
895605 1
52353 2
495642 3
116154 2
789192 3
686998 1
880255 1
951523 2
559292 2
631221 2
872196 3
930827 2
151353 2
761669 1
417979 1
688728 2
651869 3
777720 3
542843 1
277283 1
987597 3
861402 3
776315 1
978485 2
625330 1
706044 2
955282 2
393733 3
588619 3
292528 3
845975 1
314110 1
357860 1
42084 1
276257 1
125407 2
470148 3
224505 2
719644 3
751766 1
885310 2
750708 1
522447 3
391873 3
434505 3
728532 2
215447 1
551602 3
917831 3
410695 1
601515 1
127004 1
667308 2
413801 3
560571 1
541561 1
641665 2
337318 2
763306 1
191608 3
369339 2
161418 3
735048 3
703827 3
306081 3
52597 3
961210 1
758715 3
423573 1
455977 3
975691 1
483945 3
95484 1
603195 3
623673 2
671514 1
597347 3
814788 3
940185 3
322587 3
786671 2
225979 3
335871 3
273951 2
779704 3
814767 3
31341 3
909975 3
691240 1
861234 3
931536 3
213984 3
753880 1
216971 2
381496 2
662966 3
383162 3
13530 2
494941 2
719491 3
4951 3
688804 3
997080 3
924787 1
711509 1
460253 3
773038 3
846835 2
62641 3
623866 3
563329 3
387431 1
598333 1
307784 1
497755 3
202087 1
879278 1
559468 1
409164 1
236704 2
121706 1
895342 3
118449 1
634903 2
742913 1
691798 1
132217 3
519934 3
383913 3
46478 2
444513 1
405060 1
225592 3
988742 3
384022 2
236332 2
664804 3
168222 2
698143 2
321647 2
666784 2
400368 1
315354 3
650012 1
360303 3
697899 2
477258 3
354909 3
691968 1
667058 2
181732 2
325666 3
206067 1
397586 2
128577 1
220752 3
266374 3
225305 2
609073 2
386892 3
286309 1
996238 3
30854 2
437905 1
783877 3
711156 1
19502 3
497187 1
327771 1
679461 3
288267 3
357729 1
691059 2
561320 3
717322 3
63586 2
778860 2
926944 3
333962 1
666697 3
146411 3
211928 3
135139 3
162967 2
173933 1
197551 1
943761 3
861516 2
214704 2
394951 3
740141 2
691001 1
282743 3
962067 1
160015 1
196915 2
96511 2
32274 3
100533 3
233771 3
545039 1
583596 3
625622 1
606082 3
892884 1
227423 2
612136 2
162035 2
290323 3
545621 3
828197 1
93766 2
405192 3
854953 2
385129 3
448155 1
242766 1
527717 2
754398 3
102026 1
470110 1
247492 3
790959 2
705678 3
811274 3
828925 3
454416 2
348641 2
329770 1
480435 3
169404 1
951571 3
664716 2
638772 2
16604 3
638179 2
537061 2
754303 1
195784 1
591117 2
92303 3
655961 3
452284 3
145714 2
896091 2
374750 2
408345 3
125466 1
649133 2
554706 2
990693 3
673207 3
937805 1
830235 2
395781 1
81838 1
586878 1
798726 3
284094 1
378542 2
430755 1
467341 3
144927 2
666387 1
569639 2
302901 1
23039 1
477212 1
427029 3
263759 3
48596 3
639721 2
174953 1
442578 1
461793 1
416671 2
343340 3
198918 1
73584 3
915078 3
679954 2
910533 1
353908 2
23333 1
577264 3
722285 1
588823 3
379151 3
632696 2
921593 2
797960 1
122234 3
158637 1
819305 2
353692 3
435584 1
708625 2
264915 2
493436 2
129348 2
936112 2
175015 1
166486 2
771111 1
352215 1
703914 3
906784 2
116554 2
798867 3
935296 3
673041 1
844356 2
703754 2
223856 1
847610 2
849273 3
433472 2
565796 2
835513 1
597290 2
311287 2
627102 3
955040 3
296744 3
115913 2
308502 3
561315 1
889344 3
127720 3
976010 2
594237 3
114970 3
38768 2
735970 2
992211 3
154179 2
293077 2
383492 3
663065 1
602312 1
673545 2
903208 1
953565 1
779108 1
201911 2
651228 2
808926 3
627742 2
668174 1
597224 3
63745 1
707178 2
355875 1
255537 1
555735 1
31757 1
779650 2
184219 3
3688 1
761912 2
501448 2
180906 1
841064 1
999937 3
341841 2
554445 2
446613 3
194695 2
552815 2
101167 2
463439 3
909176 1
768450 1
664715 1
147902 3
954830 2
799909 1
408342 2
939789 3
146551 3
591125 2
178571 2
695125 1
182244 2
901603 2
589135 2
273060 2
400864 1
532739 2
704103 2
418227 2
422847 3
164062 1
449085 1
129973 2
926827 3
115811 1
129438 3
959875 2
66554 3
604247 3
684373 2
928949 3
281914 3
306101 1
555867 3
5953 1
507959 3
298584 1
301287 3
338190 2
35858 2
691342 2
328640 1
676222 1
529666 2
516779 3
383340 3
683903 2
952819 3
695143 2
665417 1
75126 1
408276 2
140794 1
706052 1
768701 1
146189 2
326043 1
382370 3
502765 2
243033 2
868983 3
699376 3
600139 1
706075 2
961718 3
217947 1
826018 1
7121 1
705376 1
257792 3
529425 2
299417 2
668350 3
254283 1
509820 1
821625 2
234126 2
898052 3
300272 1
242781 2
555150 2
936281 1
808605 1
952138 2
179107 3
764577 3
507918 2
547794 1
664035 1
188337 1
617893 1
28031 2
748676 2
982521 2
968292 2
439243 1
894466 2
128727 1
486046 2
984384 1
265581 2
858483 2
497348 2
845828 1
463435 1
881652 1
286164 2
226557 2
582036 1
428874 3
600542 2
363571 1
400618 3
986930 2
48157 2
517438 3
779940 1
855949 1
572475 1
191884 2
578674 2
907358 1
450956 1
87330 2
656267 1
171485 3
506690 2
542286 3
778710 2
133718 3
474889 3
466502 3
493597 1
868125 2
715623 2
19787 3
290894 1
387447 3
714215 3
540398 2
615816 3
838368 2
60710 1
476917 2
550228 1
420959 3
849804 3
327498 1
228964 3
161225 3
692657 2
840421 1
307479 3
915627 1
781987 3
979835 1
47242 1
236524 1
701857 1
410605 3
835263 2
977413 3
923551 3
506173 3
204177 2
766878 2
178966 1
133335 2
669284 2
730169 2
152895 3
717837 1
948941 3
87299 2
185642 1
344704 3
384736 1
506578 3
927343 2
897201 1
627826 1
342480 3
135430 2
488340 3
907857 1
136762 1
56612 1
688830 1
450876 2
11727 3
84811 2
305384 1
862633 2
834545 3
636435 3
713283 2
543677 1
281545 1
434404 1
997113 2
452671 1
181366 2
642341 3
403566 1
784301 3
765889 1
540322 3
860229 3
378219 3
707853 3
683596 1
564248 1
925404 1
74058 3
735691 3
894797 2
288347 3
573058 2
417291 3
153228 1
501487 2
726261 3
262318 1
884842 2
268278 3
841334 1
122594 1
786158 2
21309 1
916823 1
612520 1
451604 2
861883 2
856888 1
935153 3
463529 3
945452 1
625065 1
781106 2
579445 1
129327 3
215969 2
241662 3
20405 3
949054 2
573820 1
927521 1
114417 1
239877 2
836729 1
734576 1
798817 3
969684 1
535624 3
948135 1
735481 1
99853 3
626736 2
626984 2
42814 2
540386 1
486551 3
458703 2
898390 2
515757 1
248132 1
527644 3
516172 1
907869 1
107710 2
686969 2
252216 3
392533 3
480466 1
476165 2
842749 2
435862 1
134395 3
775432 2
28549 2
467006 1
681169 2
638354 1
69513 2
793618 2
52896 2
994267 3
903338 1
76462 1
843692 1
161712 2
952208 3
429578 2
644960 1
364402 3
831397 2
462391 1
753295 2
691091 3
463694 3
830192 3
879911 1
190755 3
353562 3
109382 1
740500 2
44506 2
24928 1
63893 2
654431 1
5619 2
876511 1
619183 3
532193 1
549103 2
958610 3
110230 2
879988 1
422210 2
425231 1
619906 3
700383 2
537283 1
665485 3
474157 3
417926 1
398370 3
368149 1
210393 2
208625 3
502983 2
23296 2
585476 1
362214 2
410428 2
614915 1
439743 2
556089 3
418110 2
508399 2
483439 3
169843 3
37208 3
786844 2
321989 1
19290 3
709138 2
540030 2
286504 3
138888 1
454207 2
860014 3
885931 3
491475 1
393857 1
547232 1
947250 2
734217 1
337919 1
781015 2
760131 2
419667 2
878274 2
258433 2
792446 1
260866 2
680321 2
555362 2
793057 1
339360 1
913679 2
713689 1
348274 1
385065 2
13508 1
308560 3
208391 3
506875 1
213863 1
499572 1
950716 3
2918 1
544496 3
819824 3
795486 3
129372 3
232491 2
706724 1
641089 1
956744 3
700168 3
28461 2
634984 1
692517 2
600630 1
110060 1
846740 2
99074 1
582387 1
12902 1
859588 1
885804 1
724442 1
71636 2
346898 2
204298 1
833260 3
942389 1
949991 2
625537 2
43021 1
666161 2
23681 3
227979 2
410557 3
501332 1
65963 3
675463 2
446395 1
529177 1
898256 3
413812 1
773291 2
286300 2
912590 1
365069 1
353683 2
927887 3
952164 3
748247 3
977450 2
675690 2
641672 1
905523 2
951402 2
554646 2
233793 3
262763 1
181887 3
672038 2
288277 2
803288 1
91941 2
543102 3
750007 3
683804 1
64368 2
216991 2
242455 1
871376 3
352180 2
206997 1
642942 3
930369 1
647772 1
478938 3
256099 1
338266 1
752274 2
1624 2
151942 1
959251 1
36451 3
613292 2
484968 2
554481 3
634589 2
207937 3
860667 3
457946 3
562745 2
495429 3
65872 3
796817 1
202792 1
839325 3
729345 1
885205 1
843650 2
926291 1
729001 1
670223 3
221107 1
271030 2
412189 2
359254 1
247652 1
810631 1
945419 1
607352 3
373712 3
92234 3
359962 3
893659 2
271704 1
807931 1
109710 2
965755 1
784308 1
680795 3
207710 2
480853 3
328369 1
955960 1
257785 2
222733 1
195833 1
639 2
947635 3
523325 3
443118 3
767002 1
819839 3
767856 2
310338 1
121812 2
387143 1
112452 1
361776 2
296729 2
908470 3
793120 2
789016 1
963185 2
392030 1
654996 1
568138 3
685739 1
641951 1
780781 2
412391 1
757819 1
414838 3
347260 3
711731 2
673748 3
2657 2
88825 2
900658 3
740980 1
808360 1
996889 3
945731 2
586430 3
730653 2
134111 2
894186 1
560817 2
424306 2
692339 3
675049 1
294928 3
752433 3
673162 2
594170 3
911694 1
997118 3
819997 2
214557 2
648009 2
644820 3
680609 2
563444 1
890172 1
812948 3
928957 3
857480 1
876881 3
634019 2
325301 2
187452 3
573661 2
163794 1
943449 2
853946 1
472664 1
629825 1
544064 1
295365 2
321713 1
86782 1
222935 2
799683 2
36521 1
794996 2
713118 1
441371 3
299982 3
888613 1
969850 3
934880 1
602438 1
149766 2
917150 1
346102 2
726835 2
955167 2
485004 3
853202 1
932668 1
711533 3
316046 2
998237 3
342624 2
346253 3
770641 3
120962 1
285827 1
669688 1
109274 1
916241 2
601604 2
675530 2
981152 2
306446 2
157648 3
95610 3
597928 2
70279 2
86522 3
775573 2
221447 1
919398 3
494386 2
687814 1
844428 3
964273 2
645852 1
648097 2
192980 1
760662 1
878892 3
52249 2
429869 2
378123 2
753685 3
199343 2
187431 3
181973 3
189326 2
17768 3
809040 2
270078 2
592285 2
260613 1
928047 3
755913 2
230543 1
486737 3
763084 2
339268 1
357291 3
393967 1
758640 2
856022 1
838120 1
320808 2
449827 2
748393 2
285582 1
983073 3
680230 2
647057 1
955053 2
761852 1
551754 2
506561 3
905793 1
109213 2
735364 2
985417 2
181101 3
888043 1
21646 2
12294 1
11493 3
712447 1
240069 3
729718 2
294788 3
605096 3
925874 2
256676 2
857017 1
537935 1
363482 3
961532 2
248065 3
672668 3
885344 2
186671 1
75948 2
367407 1
555120 2
616268 1
133626 3
265911 2
614107 2
728588 1
822268 1
35803 2
319817 2
24228 3
624875 2
572185 1
55613 3
971705 2
634152 3
733054 1
840309 1
861800 3
388561 1
922918 2
616635 1
12052 3
520429 3
91030 1
947484 3
12826 3
970057 1
960634 1
998838 2
956345 1
769691 1
555641 1
938281 2
840107 2
651304 1
341132 2
128011 3
586079 2
982063 3
544095 3
741247 3
367084 1
781406 2
470816 1
680950 1
181781 2
823629 1
887307 2
929753 3
869656 1
79885 3
779195 3
710007 2
7411 2
3512 2
57474 1
82863 2
378173 1
412587 3
26522 2
865279 1
954927 3
973613 3
680796 1
993864 3
589568 3
540253 3
146603 2
714471 2
849000 2
851004 3
835362 1
226442 2
689657 3
339735 1
124756 2
660402 2
911891 3
62977 3
634186 3
518528 1
585591 1
997880 3
410928 1
956176 1
888480 1
214750 2
593404 2
533791 3
48464 2
678058 3
367967 3
317999 2
331455 3
679835 2
285620 3
460786 2
266078 1
159360 2
255051 2
635669 2
546652 2
413048 2
778418 3
959770 3
305866 3
948438 1
246272 2
280701 1
698554 2
486192 3
358024 2
957157 3
987965 2
364013 1
984380 2
512128 2
575950 3
846383 1
38124 3
787643 3
668455 2
94031 3
169681 1
479943 2
517745 3
797040 1
353842 1
183986 3
432745 3
725484 1
684086 3
326208 3
998926 2
701528 1
940870 2
614430 1
199121 2
746873 3
750327 1
883815 3
376691 1
409460 3
399757 3
467802 1
232447 1
523346 2
626322 3
472899 1
296724 2
905649 2
945356 1
586255 3
568025 1
744475 2
334694 2
294915 1
259635 3
681726 1
341421 2
645666 3
845610 1
844702 2
927454 2
924369 2
847554 1
330404 1
620365 3
883701 2
53580 2
896432 2
785836 2
398200 1
110875 2
862405 2
88177 2
675522 2
683263 3
475787 2
455286 2
402824 2
615170 2
246043 3
114486 2
457162 2
793422 2
1018 2
515612 2
58834 1
648243 1
669458 1
207791 1
496550 1
484896 2
43567 1
986287 2
803354 1
87351 1
25513 1
875842 3
12193 3
285393 3
111791 3
766908 3
870047 2
426579 3
119342 3
771177 2
139517 1
944444 1
407342 3
612816 2
866787 1
464369 2
98558 2
621817 2
244861 1
138512 3
54195 1
145864 2
950980 2
151210 1
606114 2
447120 1
87129 1
586258 3
300348 3
400350 3
102541 2
97475 3
155821 2
558782 2
327097 2
73957 1
192160 2
404101 3
994537 2
241425 2
230527 1
847007 1
884381 1
891082 3
221360 2
294713 3
961473 3
177366 2
602944 2
851821 3
642050 3
176033 1
444704 1
470949 1
565242 1
643954 1
379138 1
119551 1
998911 3
672032 1
576290 1
279296 2
258732 2
672669 1
264671 2
344457 1
769434 2
393161 1
552533 1
735672 3
647085 3
896439 3
553404 1
795519 2
931349 1
700572 2
69790 2
782291 1
846613 2
518416 2
338950 1
528382 1
720884 2
288842 3
594647 1
579692 3
441375 2
440918 1
448788 3
882458 1
575672 3
582488 1
346856 1
333912 3
537404 3
54518 2
601033 2
763180 2
425306 2
42641 3
754936 2
158823 3
414594 1
187296 2
283858 1
209421 2
829552 2
883869 1
884425 1
473624 1
276241 1
714242 1
857579 1
746055 2
464225 1
701163 1
338787 2
435488 1
596243 2
326823 3
379389 3
21694 1
454709 1
507078 2
132981 2
907369 3
563957 2
962692 3
650754 2
231558 1
57144 3
679026 3
39681 2
460956 1
126703 3
395571 1
987464 1
825522 1
187262 2
316733 3
908154 3
914794 3
129937 2
485278 1
212336 3
1310 1
296888 2
509843 2
455796 2
907557 2
55074 2
587913 1
370578 3
482839 2
98083 1
15684 1
32322 2
6475 2
854966 1
626201 3
667810 1
83735 3
634961 1
847192 1
856611 2
850920 3
387038 2
319993 1
130737 3
555989 3
203146 2
270984 3
226213 3
831146 2
944083 1
76922 1
490478 3
223782 1
616895 2
715597 1
199504 3
802190 1
382705 2
43210 2
788559 1
902456 1
323877 2
89873 2
250506 3
332923 3
349430 1
814643 1
205553 2
602651 2
867601 3
11506 2
396356 3
990261 1
104464 2
307690 3
612380 1
519589 2
197511 2
445747 3
297434 1
158533 1
443108 2
290784 2
344266 1
807523 2
326724 2
254261 2
830150 3
894001 2
214837 2
75762 2
697351 2
639332 3
837438 3
154142 3
632382 3
314541 1
940024 2
869455 3
647963 1
51285 3
733988 1
587082 2
121576 3
24476 3
24329 3
285439 2
294540 1
72946 3
143559 3
998704 3
485494 1
74571 1
70743 1
515939 3
522211 3
642254 3
364557 1
28039 3
145630 1
957178 2
789282 1
663891 3
390036 3
805738 3
762635 3
107170 1
193270 3
136541 1
4344 1
735162 3
740897 2
703908 2
14377 1
971029 3
298217 2
614255 1
259721 3
790922 1
534049 1
841787 1
198637 1
577344 3
590169 3
29883 1
521266 3
760175 1
400329 1
144609 2
235533 2
936755 2
12752 3
796731 3
477214 3
412447 2
920013 1
298670 1
173101 3
353071 2
650211 2
772773 1
936164 2
990627 1
123340 2
877332 1
821601 2
573699 2
526759 1
966739 2
822714 3
3968 1
713684 3
752191 2
235480 1
350215 2
378578 3
779355 1
270756 3
681243 2
513386 3
289391 1
542996 3
909103 3
898479 3
279742 2
314419 1
584053 3
632245 1
831105 3
623492 1
832638 2
953217 3
16970 3
676679 3
880301 2
858654 2
962163 1
132327 3
849940 1
273465 2
866766 2
155617 3
777809 2
773407 2
61844 1
373472 1
38171 1
116439 3
413381 1
108339 2
618107 1
86154 3
640818 3
519747 1
933896 2
401186 1
366618 3
532544 1
130362 1
694510 3
963248 1
680727 1
54597 2
816522 2
514001 2
245761 1
345474 2
965829 3
454045 3
318302 1
330344 1
401631 3
708121 2
662229 3
670328 2
741624 1
391286 2
509885 3
945622 3
99314 3
389118 2
667442 2
622196 2
564653 1
383777 1
559289 1
91318 3
781905 1
142335 2
90349 2
723299 1
628652 1
133785 2
455247 1
126857 2
249831 1
791121 1
273205 2
55526 2
950732 2
984916 3
677601 3
652497 3
702837 3
524787 1
239082 1
975308 1
266429 2
755157 2
851138 3
991787 3
183862 3
561729 3
957043 2
488651 2
147408 1
355067 1
747084 3
584172 1
495577 2
847696 1
204956 3
786317 1
841828 3
691128 2
132259 1
787758 1
89570 1
289218 2
529980 3
439172 2
337358 3
354255 3
965882 3
592231 1
428198 1
22197 3
806699 2
753684 2
146856 2
593457 2
444039 1
741942 3
319089 2
215642 1
892915 3
787577 1
316697 2
74658 1
391798 3
769130 3
722300 1
910573 1
883096 2
525645 2
157761 3
924670 3
502988 3
437322 2
530134 3
394068 2
459480 3
715718 2
199079 3
560331 3
927634 1
94872 2
819611 2
608478 1
840837 1
864789 1
864129 2
802785 2
707043 2
438667 3
77596 3
95793 2
828885 2
895291 2
369798 1
776933 2
556553 1
187984 1
898585 2
977164 1
452366 2
961536 2
347989 1
96034 1
495928 1
168505 1
655144 3
467580 1
708774 3
926308 3
689893 3
831456 1
827424 1
306491 1
641008 3
425707 2
903739 1
997610 2
112913 3
767595 3
961497 3
33104 1
186830 3
438877 3
88075 2
25575 2
950244 3
441945 3
590176 1
598895 3
248597 3
943237 1
92471 2
959521 2
663116 1
470319 3
708091 3
798444 3
968688 1
879050 2
659853 2
965172 1
575679 3
657233 2
981151 2
605152 3
709603 2
381159 1
175389 1
702035 1
332561 3
391448 2
962888 1
216198 2
60336 3
4602 1
494159 2
260925 3
579070 2
826661 3
658451 1
7646 3
315412 1
985385 2
366481 3
261656 2
364058 2
347354 1
936256 2
899707 2
926577 3
36408 2
960885 1
610883 1
765440 2
819807 2
287295 2
632166 2
427146 2
178556 3
984753 2
420100 2
238367 2
128256 3
432101 1
449954 1
329003 2
106934 3
902611 2
583798 3
186061 3
496215 1
275366 3
698886 2
492265 1
592272 1
752075 2
517773 2
253299 3
92950 2
708222 1
831546 3
467593 3
417470 1
57461 2
557598 1
842558 3
425115 2
758167 1
323337 3
311169 1
349317 1
341037 1
517245 2
352816 3
13536 3
586660 2
998683 3
372318 1
645351 1
731951 2
907865 1
641007 1
855157 1
834366 3
267386 2
553798 3
595886 1
172797 3
316729 1
206136 3
170143 1
814054 3
771143 2
544739 1
601187 1
723845 1
446314 3
596042 1
934134 3
51156 2
940214 3
526237 2
283810 2
464933 3
313558 2
536831 2
695658 3
671985 1
960252 2
849612 2
136089 2
495002 3
109263 3
284951 3
178706 3
139600 2
649288 2
187314 3
202787 3
529298 1
217658 2
701931 3
170450 2
837336 1
744865 2
656489 3
298895 1
594229 3
896117 3
551779 2
194132 1
999985 1
101341 3
415202 3
262601 3
319869 3
115030 2
521026 3
467098 2
492636 1
297338 1
231316 1
743397 3
330133 1
57839 2
461435 2
643994 2
937173 1
153349 1
524023 2
25358 3
230597 2
781220 2
355363 3
845116 3
686420 1
659508 2
378039 1
385567 1
693975 3
535430 3
503784 3
469921 1
145954 2
813506 3
30446 3
487703 3
143261 1
244802 2
436955 2
295684 1
943570 2
868671 2
330203 2
310782 3
532516 2
648405 1
47756 2
361321 2
446396 3
492201 2
670294 1
113055 3
725319 1
600850 1
447674 3
136367 2
125676 2
333553 1
892554 2
931057 3
970872 3
33266 1
45447 2
475103 3
269197 1
502993 3
665138 2
113826 1
977760 2
74417 2
348361 1
855849 3
541383 1
460292 1
832644 1
392263 3
85368 1
831986 2
986215 1
405405 3
891037 3
813591 3
238904 1
983656 2
32955 2
334010 2
457922 1
208655 2
306743 2
528411 2
522424 3
231359 2
826383 2
130476 2
100787 1
403322 2
919927 1
46828 2
384476 2
279630 1
202507 2
55067 1
782429 3
559881 3
955567 2
816797 2
829856 1
283618 3
191209 2
647070 1
815361 1
846629 3
30566 3
731639 1
880291 2
654513 2
275105 2
733436 2
594228 3
479914 1
299776 3
979677 3
260507 1
839850 1
646895 1
670998 1
455702 3
959512 1
949686 1
804035 2
556947 3
138970 3
64376 3
748847 3
261032 3
589169 3
539755 2
672591 2
349153 1
53635 3
803107 1
250860 1
201249 3
782292 2
691411 3
358083 3
813800 2
673799 3
206733 3
678391 3
325029 2
652805 2
624701 2
428375 2
301383 3
598542 1
334970 1
633109 1
289214 2
391151 2
42600 1
646880 3
385569 1
892151 2
209231 3
860000 3
831983 1
925459 1
862975 2
783133 3
885195 3
575363 2
155928 1
950521 1
468685 2
367861 3
298206 2
333530 2
358934 1
151762 3
747414 3
205915 1
910329 2
745969 3
782458 2
652215 3
572604 2
669334 1
840592 3
160676 3
704726 1
519507 2
246622 2
992124 2
439143 3
817175 3
213171 1
266173 3
600285 1
382100 3
240897 2
956192 1
931237 2
557362 2
297590 2
234432 3
132478 3
848218 1
405038 1
858709 2
466606 1
791971 1
512584 3
542073 3
932945 2
125275 1
786259 3
496836 1
265942 2
565257 3
692421 2
594402 2
261265 3
770889 2
504789 1
832274 1
183505 3
300991 3
113783 1
49661 3
259383 3
635295 1
267084 3
83093 2
510381 3
574951 1
620308 1
803434 1
428690 2
588912 3
226704 3
725717 3
250388 2
922568 1
344792 3
133204 3
829758 1
535071 1
692833 1
907062 2
368640 3
181731 2
529043 1
503080 1
504739 2
207898 3
186465 2
766830 1
512775 3
870747 3
941389 3
528664 3
622410 2
255350 1
344242 3
169968 1
706825 2
101460 2
391847 1
602082 1
845883 3
107409 2
169952 2
349271 2
517759 2
527518 1
844948 2
677176 3
422965 2
129437 2
133675 2
958146 1
194665 1
827809 3
630215 1
714841 2
499180 2
560678 3
618597 1
33539 2
280606 3
225038 3
250299 3
288528 1
153438 2
737927 1
215471 2
369007 2
197114 2
539478 1
286772 1
849897 1
656374 3
104342 2
364737 1
797956 3
301358 3
277860 1
903574 1
154631 3
451330 1
503428 1
846300 3
887025 3
915952 2
257429 1
448121 3
348404 2
358000 2
258163 3
616963 3
539639 1
831434 1
265157 2
650061 3
213002 3
498732 1
535290 2
495513 2
9706 1
781388 1
252106 2
917697 3
72609 1
447482 1
494759 1
195471 3
825479 2
390232 3
562953 1
232054 3
860237 1
101428 3
724329 3
205492 3
123569 2
93658 1
700667 3
138617 3
844326 3
775237 2
459327 3
17419 3
893116 3
531730 1
126345 2
336708 1
515488 3
17994 3
87558 3
202003 1
630119 3
914633 2
594205 1
366534 2
133414 2
652777 1
439375 3
832271 3
901916 2
861087 2
521731 1
893885 3
433939 3
538901 3
362907 3
754550 1
321827 2
209413 3
894980 1
92485 1
996254 3
556808 1
84439 2
207154 3
433949 2
301248 1
209039 1
624010 1
770285 3
315617 2
853954 2
286720 2
8106 1
237933 2
943644 3
715747 1
264222 3
83333 3
375822 2
762207 3
244963 2
609539 2
73950 2
835922 2
892206 2
439707 1
524653 1
736543 1
391284 1
196564 3
116464 3
466682 2
982171 1
151755 3
846308 3
655936 1
265362 1
144276 3
210127 2
474725 2
943845 1
771935 1
344056 2
166836 3
192586 2
109716 2
732554 3
579596 3
96904 3
458976 3
49898 3
320559 1
851183 2
881361 3
951439 1
419637 3
659285 2
521367 1
881042 2
625559 1
528105 3
971435 2
211099 3
715586 1
395651 1
183500 3
281532 3
447365 3
285073 3
680886 3
154191 2
31846 3
426022 1
74470 3
149043 3
256165 3
534783 2
137009 1
478578 2
635393 2
694547 2
939534 1
546818 3
222059 1
527262 1
803734 1
729349 2
952359 3
598447 1
74217 1
700774 1
657953 3
246385 2
964566 1
625999 2
122253 2
277105 1
981090 2
781755 3
810120 3
216545 1
678182 1
424765 3
149854 2
61318 2
749186 3
972952 3
496416 1
719479 1
706681 3
816116 3
154749 2
582699 1
656087 1
322464 2
92146 3
921254 2
916500 3
857405 3
218533 3
43240 2
492661 1
881030 1
363597 1
409407 1
651972 1
440665 3
329662 2
145032 3
110452 2
624910 2
649212 2
640237 1
581554 2
795576 3
925968 3
180138 2
691735 1
663920 2
888438 2
796264 3
516702 2
527581 2
534823 3
780622 3
242220 2
234632 1
998215 1
553833 2
703407 2
691153 1
10962 3
828738 1
806413 2
978720 1
97132 3
260879 2
86385 3
398232 3
871965 3
27271 3
905638 3
6470 2
77231 1
24851 1
45924 3
461803 1
231392 3
630038 1
698711 1
245441 3
23475 2
210785 1
107385 2
574643 3
829574 2
832543 2
365267 3
574288 1
980865 1
849543 3
123365 3
523214 3
662064 1
322790 3
211756 2
241733 3
569218 2
456198 2
428513 1
936722 2
705740 1
492246 1
80 1
70703 3
945600 1
758583 3
466998 2
71321 3
242566 3
806973 1
998895 2
947612 1
614415 2
835994 2
392639 3
129486 3
281010 1
838901 3
257567 1
96811 2
585152 1
168045 1
141691 3
614530 1
575117 1
457271 1
602787 3
640186 1
377781 1
93687 2
478283 2
220289 1
741239 2
680224 2
857835 2
941916 3
375820 1
180376 1
512517 3
755951 1
972420 1
686550 1
784511 1
238384 3
27038 1
3403 3
191222 3
606051 1
850439 3
487598 2
247710 1
53250 3
391837 3
835375 3
261359 3
225617 2
755511 2
759333 1
102666 3
897677 1
539268 3
745856 1
206091 1
170477 1
373637 1
334556 1
304839 1
755708 1
290723 2
611166 1
653504 3
162715 2
801617 2
855278 3
742471 2
854811 2
811267 3
534329 3
757985 2
691292 1
749719 3
85251 3
291790 2
221568 3
548636 1
175182 2
54253 2
647812 1
341999 1
382653 3
594870 2
522530 2
19892 1
490645 3
284058 2
497461 1
14285 3
832935 3
60154 2
690221 3
945723 1
385134 1
695517 1
485081 3
9810 2
541815 3
585629 1
834303 2
232417 2
771147 3
315127 3
376421 3
972504 1
588438 2
504651 3
937895 3
301473 2
539991 2
692418 2
234527 3
137944 3
138684 3
254440 2
839050 1
266883 2
942675 1
617273 3
731303 3
621959 2
218640 3
267222 1
997386 3
460064 1
880955 1
309896 2
494215 3
306888 1
648221 1
584025 1
545872 2
802448 3
608539 2
583443 1
988161 3
825502 1
634952 1
691141 3
127778 2
525724 3
342441 2
479305 3
432495 2
142572 1
527904 1
79233 1
18772 3
739741 2
284501 3
875049 2
253200 1
234106 2
231789 1
25109 2
34177 3
348070 2
553050 3
565017 1
570230 3
364225 3
781206 1
96144 3
721386 1
811212 2
524745 2
313574 1
219997 1
459716 1
575049 3
877361 1
337430 1
257472 2
86546 1
381023 3
813022 2
82221 1
771069 1
421170 3
111707 3
441485 2
297859 2
22169 2
326734 2
498100 1
340589 3
919762 2
293859 3
50396 3
962833 1
457537 2
733438 2
345934 2
283382 1
100157 3
486815 3
857705 1
612810 1
817257 1
163422 1
401701 2
502700 3
841913 1
764982 2
224758 2
398934 2
557593 1
103237 1
941590 2
840459 3
517487 3
77598 1
449899 1
394919 2
850135 2
129124 2
202489 3
772585 2
555252 2
437240 3
465277 1
809964 1
443649 2
675598 3
440115 1
264511 3
725177 3
393484 1
381315 1
611838 2
498575 2
339189 3
84810 1
286836 3
647153 3
291728 3
378825 1
60108 1
894191 2
217343 1
494990 3
491130 3
21984 1
817165 2
448787 3
649530 1
508425 1
782472 2
808244 2
545909 1
85030 3
323917 1
479780 1
963597 2
970329 3
791167 1
390102 2
632757 3
782506 3
449323 2
193074 3
938240 2
385209 1
728563 2
380448 1
602604 1
170438 2
513383 2
425374 3
35687 1
532404 3
287863 1
837594 1
292165 1
536279 3
203358 3
259221 1
828476 1
35733 3
385015 2
980012 3
500535 2
743174 1
43531 1
501050 2
493631 3
6587 2
208550 1
25718 1
125933 1
296886 2
150114 3
6905 1
716984 3
659683 1
804569 2
129314 2
962613 2
635378 1
771325 2
355809 3
507661 2
401478 1
696896 3
916687 1
657922 3
141052 2
112606 1
370790 3
422722 2
891228 2
42379 2
117364 1
329521 1
375638 2
947012 3
987565 3
701959 2
574714 1
821349 1
794524 1
342754 2
37749 1
510745 2
970877 1
812843 2
190620 1
563241 2
672662 3
748187 1
143086 2
183850 1
978493 2
905639 3
749566 2
107361 1
62916 1
879286 3
927299 2
456066 1
472854 2
678665 2
485798 2
898820 3
886045 1
610266 2
971505 2
677834 3
980383 2
153719 1
281539 1
319615 1
293065 1
774087 2
50469 2
96456 2
198450 1
861651 1
63988 3
554874 2
383541 3
240612 3
203427 3
677421 3
449991 1
938100 2
674980 1
494252 3
521539 1
154916 2
527580 2
210876 2
985787 1
629384 3
713304 2
168483 1
749223 3
835757 2
194235 2
203260 2
634392 2
708544 3
849673 2
221096 1
798124 3
834197 3
187605 1
54092 3
299728 2
301546 2
114351 1
915274 1
198053 2
652387 3
266267 3
17916 1
806327 1
623644 2
657442 3
175883 2
983676 1
622498 3
647272 3
451400 3
592233 1
125891 2
481826 1
166648 1
498742 1
445819 2
912915 2
845597 2
749560 1
551810 1
648758 3
902487 2
797971 3
892003 2
640162 1
143352 1
912708 3
404224 2
456120 2
397006 2
146596 1
158476 2
252728 1
841880 3
494228 2
322238 2
89332 1
845144 3
117560 2
389994 2
595815 1
380484 2
768355 3
868379 2
244917 1
340977 3
786370 3
858365 1
733510 2
313441 1
302188 1
225890 1
226724 1
630682 2
523614 2
302323 1
468830 3
768040 2
234529 2
306189 1
14801 3
400645 2
885119 1
927555 3
86430 3
687776 1
902377 2
766471 2
806938 2
600745 3
99783 3
566892 1
817966 2
360701 3
315083 1
437473 1
532851 3
302772 2
655050 1
500649 3
530113 2
732932 2
976155 3
661401 1
841031 2
594021 1
480045 3
437126 2
135242 1
7312 3
552725 1
40002 2
58248 1
6028 1
226371 3
153264 1
224749 2
27232 2
892664 2
92799 2
621708 1
978470 1
146553 2
295455 3
425043 3
945605 2
889365 3
325482 1
483872 1
858217 1
70147 2
840509 1
976192 3
679000 1
694172 3
208453 1
989926 1
933546 1
977495 3
716783 2
33219 2
646929 3
776471 1
565529 1
727908 1
3502 3
671148 2
85457 1
190062 2
296292 3
331433 1
872800 3
851497 1
982426 2
44937 2
781972 1
726184 2
910976 3
535417 1
967645 2
375446 1
39632 1
450703 3
417625 1
75845 2
206617 2
149030 1
667902 3
943687 1
774240 1
662681 3
641314 3
20023 1
210507 3
967837 3
801196 2
570079 2
925172 1
939548 2
61449 2
100998 1
926668 2
620734 1
144422 2
851820 2
116293 3
684114 3
328009 2
759589 1
286076 3
215974 3
773385 2
155510 2
136723 2
200682 3
874763 3
695047 1
882045 2
334850 3
322599 2
275877 1
256291 3
50057 1
821642 3
947606 1
990763 2
873034 2
655234 2
67151 3
76155 3
502216 1
537271 2
203690 2
376987 3
229573 3
443229 3
547100 2
414572 3
586624 3
361658 2
823773 3
384894 1
343537 2
157556 3
973723 1
727829 1
240224 2
989029 1
92899 2
814091 2
78335 1
968638 2
394592 1
566329 3
53065 1
10839 3
193860 3
80772 3
453669 3
56933 3
168861 3
565828 2
111597 3
118917 3
403022 2
164044 3
225161 3
833659 1
961920 2
473838 2
439622 2
468784 1
8816 1
837400 2
311629 2
571693 2
712714 1
711178 3
536893 1
703118 3
452881 3
685350 1
570017 1
946610 2
73714 2
968685 2
515381 1
135380 1
193865 3
405210 2
417988 2
987888 3
823544 1
339079 3
333187 2
593593 1
793880 1
894050 1
804165 1
940267 3
752270 1
483990 1
626121 2
424281 1
727614 1
620790 1
26036 2
535266 3
519334 3
336130 2
636927 3
156560 1
414100 2
783459 3
895511 1
172848 3
984154 3
836636 3
742170 2
326388 1
971145 1
751609 3
752134 3
513253 1
509380 2
207555 2
76780 1
960969 3
192405 1
293883 3
823958 1
978979 2
736800 2
259496 2
756249 1
223319 1
247126 1
90742 3
436066 3
666925 3
335904 1
234432 3
196488 2
716978 2
602540 1
32349 1
566759 1
170681 1
225112 1
683658 2
31333 3
950889 3
668909 3
801603 3
251391 3
812988 3
765645 1
880914 2
127718 2
464429 3
667237 3
242335 2
333867 3
788339 2
428067 3
270652 2
198494 3
112590 2
219630 3
12662 2
65793 2
715752 1
431468 3
451465 1
512913 1
11329 3
162313 2
23490 3
53286 3
101683 3
855317 1
194675 2
204759 3
643061 2
81310 1
162181 1
51436 3
213110 3
723962 1
998075 2
678144 3
622320 1
70772 3
801367 1
106426 2
860762 3
563789 1
674822 1
610956 3
621567 2
213963 2
592934 2
545310 3
592513 1
933041 3
477496 1
55963 2
957160 3
286908 2
47145 2
313448 2
796923 2
424286 2
257307 2
139572 3
335479 3
184689 3
396936 3
159590 1
216945 1
639548 2
158464 2
858251 1
259201 1
570406 1
247357 1
168624 1
373783 1
638091 3
347695 3
472598 2
593745 3
246782 2
510171 1
141978 1
400904 2
356857 1
278927 3
999073 3
793859 2
750442 2
123617 2
325680 3
788212 3
503566 1
993123 3
299384 2
290372 2
668828 3
57316 2
986066 3
536374 3
422470 3
953271 1
267529 2
537097 3
179787 2
102347 1
333155 3
221304 2
432757 1
914533 1
614492 3
217897 3
313807 1
946468 2
291676 1
468804 3
139623 1
329547 3
750603 3
113899 1
438908 3
34502 1
619748 1
339358 1
217990 3
788890 1
265544 2
130869 1
468196 1
713872 3
875221 1
123086 1
168887 1
996695 2
506019 1
986745 3
290068 2
165297 2
729671 2
44850 2
548480 3
781419 2
751076 1
59321 2
921072 3
618645 3
130051 3
379525 3
169767 1
641776 3
485087 3
894092 1
881429 3
353936 3
808000 2
477414 3
776924 2
327822 1
268387 3
872250 3
293207 1
987508 2
636805 3
199826 2
692307 2
957195 1
705561 3
538845 1
201152 3
543334 2
336026 3
264814 1
936111 2
166511 1
11395 3
91091 3
616177 2
809504 1
23767 2
3061 1
318689 2
797925 1
674483 3
526839 3
781503 3
479848 1
116611 2
23926 1
5518 1
620831 2
718485 3
953196 1
161460 3
580733 3
77211 2
291649 1
54834 1
588739 1
61043 1
555311 3
652947 2
683001 2
509533 1
111708 1
427912 1
131289 3
470360 2
725308 1
519538 1
399074 1
101758 3
527335 3
972007 1
981435 3
619424 1
851380 1
548256 3
665208 2
916841 2
626185 1
875954 3
37777 2
737897 1
267038 3
928997 1
308911 1
530724 1
257164 2
98417 2
762058 2
361656 2
860520 3
356610 3
401506 2
518207 1
657415 2
268800 3
611804 3
679992 3
844346 1
855633 1
895863 3
786475 2
489457 3
560815 1
8135 2
980467 2
185041 1
827693 2
49277 1
256278 3
788477 2
38700 1
338718 3
691419 1
193009 1
821549 3
131509 3
390774 1
319789 2
976101 3
495892 1
522136 3
772563 2
525803 2
917977 1
72023 3
846437 2
647603 2
449933 2
200674 1
832107 3
484259 2
468111 1
325137 3
806965 2
92924 3
357488 3
309342 2
354490 1
33945 3
688858 1
390090 2
903333 2
353757 1
705158 2
717833 3
627493 2
965787 2
183347 1
641182 2
98998 3
683280 2
988240 1
114020 2
134493 1
407940 2
884704 2
854156 3
527145 2
228309 3
424623 2
132401 2
605270 1
431774 1
975033 1
320981 2
809082 1
684118 2
203845 2
580206 3
726980 1
880520 2
589546 1
312278 1
282778 3
421909 3
771301 2
261160 2
15273 1
920572 3
805851 2
387413 3
641573 3
588940 3
647612 2
896895 2
345578 1
815437 2
418397 1
52242 2
483031 3
681311 3
283144 3
646028 1
644538 3
422352 3
998075 2
264513 1
267961 1
89402 1
447688 2
720888 2
241604 1
911555 1
736976 2
286921 1
189582 3
115974 2
655298 3
601905 3
380785 1
208204 1
578300 2
387826 1
452852 3
966916 2
124280 2
349647 2
392548 1
656962 1
131432 1
889620 3
463956 3
214663 1
772340 3
514525 2
25890 3
409235 2
872163 1
64756 2
429939 2
234253 3
746888 1
144143 3
440544 3
33064 1
128075 3
379430 3
868509 3
112053 3
990498 2
388311 1
359364 1
845675 3
349077 1
584921 1
527982 1
527140 2
341525 2
201711 3
880849 3
468688 3
163100 2
156583 1
217399 3
105328 1
669878 3
644222 1
451830 2
105976 3
716950 1
580502 2
46784 3
745867 3
547949 1
278899 2
500319 2
44186 3
802313 1
987798 2
577568 3
420784 3
956695 1
167608 1
228498 2
875914 3
266918 3
636593 2
383166 3
946887 1
526886 3
964321 3
65886 2
945536 2
210860 1
741633 2
519712 1
230428 1
815496 1
606060 3
282642 2
517694 1
468069 1
151559 2
406946 2
484414 3
117261 1
101508 1
263036 1
168441 2
872950 1
373844 3
619263 2
918584 1
311386 2
917263 1
939075 1
899044 1
812166 1
447380 2
86914 2
402030 1
243417 3
461761 2
884281 1
472434 2
561586 3
162726 2
207364 1
598491 1
142256 2
166845 2
567630 1
472324 1
908381 3
130007 1
366808 1
74283 1
572349 3
666998 1
267642 3
584976 3
558287 1
194472 3
371843 2
878906 2
421011 2
576230 2
146633 2
603624 2
828015 3
699712 2
291293 1
98289 2
420927 2
362613 2
985119 1
655560 1
122820 3
98523 1
208194 1
880706 1
707793 3
820490 2
76379 3
151866 2
699228 1
411440 1
381934 2
435335 3
913124 1
640321 2
781172 3
959812 1
212919 1
32916 3
320550 3
503487 3
292211 1
576198 3
242611 1
297905 3
551764 3
385161 1
263177 1
802479 2
387240 1
711012 3
761196 1
853593 1
454020 3
919640 3
572661 1
942170 1
725564 1
319275 3
329997 2
623633 2
411679 2
966222 3
538322 2
314153 1
53131 3
827602 3
829998 1
977101 2
358980 3
929987 2
88872 1
453598 2
603071 2
372845 3
385601 3
441077 2
646067 3
335695 3
915499 2
373762 2
899436 2
457887 2
380274 1
708969 1
797810 1
219901 1
505095 2
373140 3
596098 2
205087 2
632368 1
371504 1
557784 3
370735 3
583649 2
815289 2
850802 1
707391 3
231083 1
870371 3
717397 3
915331 1
469791 3
381292 1
734379 1
977085 1
532593 1
174521 1
230180 2
754923 3
838496 1
294894 2
175110 3
992220 1
816327 1
679122 1
111231 1
347584 1
394943 1
20280 2
938249 2
340679 1
101403 2
827175 1
621820 3
338628 3
958527 2
932518 1
140703 1
961912 1
623226 2
953779 2
239137 3
538673 3
457034 2
460657 2
800866 3
486319 1
470230 1
853057 3
911214 2
749349 2
330965 3
203480 1
923612 2
672291 1
880793 2
567741 2
96991 3
936672 3
848023 3
517912 2
620441 3
440913 3
700289 2
901404 2
91543 2
252071 1
827749 2
80086 3
764784 1
8315 2
498314 3
153356 3
136459 2
401067 1
276322 2
919064 1
682463 2
615684 1
846055 3
576196 1
815385 3
859617 2
431509 3
423221 2
377306 1
356930 1
253823 3
56016 3
234714 3
438105 2
717773 1
819270 1
791924 3
604014 3
268738 1
515264 3
489440 1
692998 3
111541 2
623959 1
603634 1
529922 3
232575 3
538264 1
914166 3
686149 1
416622 1
568419 3
55549 1
229304 1
199761 3
719388 3
619261 3
591766 2
949787 2
495161 3
322816 2
936767 1
515531 3
233891 3
812189 2
651027 1
136500 2
727743 1
914018 1
842819 1
554238 1
131396 3
403976 1
974364 2
516809 1
413077 3
607724 3
7481 1
117824 3
852040 2
400848 2
691386 1
661395 2
336409 2
424199 3
871542 2
994444 3
465272 2
581017 2
948478 3
497767 3
708945 2
132274 1
865478 2
177245 2
131310 3
956624 2
254040 2
546631 1
428130 3
791367 2
616026 2
243302 3
285253 3
520845 2
671391 1
568394 1
310597 3
828660 1
250413 2
392714 2
43851 1
780141 3
359325 1
119845 1
797758 2
151437 2
298244 1
647850 3
334930 2
571678 2
960329 1
520974 3
634060 1
794574 2
691042 2
712757 3
249472 3
665892 1
336449 3
731962 2
17891 2
603188 1
359444 2
992721 1
116353 3
654218 1
152819 2
640317 3
725152 3
450437 2
928065 3
273986 1
799738 1
621969 3
808843 2
258172 1
705472 1
490486 3
7997 3
563624 2
719131 1
106376 1
217035 2
329738 1
651091 2
946621 2
586985 1
589571 3
92077 3
839784 3
929515 3
848909 1
38391 3
934519 1
17247 1
460811 2
899531 1
777999 2
112156 3
987031 1
142092 3
820681 1
100956 1
987720 1
73873 2
913800 1
866398 2
930822 3
522090 2
616014 1
773371 3
162564 2
409585 2
375597 1
398709 2
130448 3
482969 2
904577 1
883634 1
300155 1
696578 3
311255 2
537706 2
457758 3
6157 1
807473 2
573218 1
338663 2
576185 2
57068 2
98929 3
774673 1
654739 2
481905 1
752031 3
800586 1
619803 3
91891 2
597280 3
411733 3
950935 3
655389 3
172174 1
913869 2
130192 2
276428 2
807105 3
56800 2
726222 1
695118 2
599364 1
393190 3
165430 1
877679 3
669944 1
553914 3
944121 3
712484 2
582003 2
381395 3
285530 2
878535 3
49932 3
112311 1
495640 2
202758 1
317909 3
51089 3
521704 1
72543 3
836856 3
425590 3
467366 1
719926 3
118703 1
366388 3
68292 1
443814 1
896868 3
201047 1
382222 1
86678 2
971851 2
504822 3
197341 1
332094 3
370858 2
599153 1
912877 3
639560 2
700359 3
439400 2
895842 2
882989 1
820478 2
83194 3
567807 2
9273 2
220134 2
180825 2
725627 2
283348 3
721828 3
179071 2
850022 1
936136 1
394990 1
179870 1
405915 3
281802 3
806791 2
645249 3
388441 3
620703 2
989317 2
389908 2
618521 3
494458 2
752031 3
552868 3
541927 3
109532 2
218405 2
489597 2
535718 1
995747 2
715647 1
776006 3
975979 1
216120 2
396423 1
765728 1
570754 2
694438 1
221475 2
392099 2
712079 3
476982 3
182053 3
156218 3
851031 3
994792 1
891055 3
492523 2
149692 1
642896 3
921788 2
953270 3
913933 2
242891 2
523254 3
903325 2
560929 2
205302 3
590873 3
666683 3
125313 1
458107 1
21538 2
316110 1
557862 1
457851 1
831917 1
547320 2
320641 2
849737 1
668908 3
329092 1
32494 3
593120 2
591148 2
270733 1
168799 2
618790 2
250488 3
898293 3
69389 2
334475 3
852334 2
280943 1
758541 1
544935 3
523770 2
698906 3
330955 1
603096 1
968355 3
294376 1
907603 1
858595 3
536517 1
896803 1
415386 1
720157 3
90433 1
463960 1
694474 3
898212 3
292319 1
830211 1
687260 2
644156 3
195018 3
703367 1
712820 3
52656 1
263809 2
101541 2
80789 3
743413 1
208330 2
671424 2
548563 1
488793 3
253531 3
579365 1
375729 2
603713 2
728557 1
916676 3
979626 1
164215 1
102469 1
810564 1
445950 2
371111 2
845712 2
682098 2
398315 3
625120 2
746230 3
342616 2
980652 2
129895 1
559142 3
869974 2
956382 3
89351 2
118880 3
456055 1
178247 1
815698 3
292695 1
666927 3
932720 3
314587 3
404442 1
807076 2
912890 3
163773 3
7544 3
329104 1
823734 2
751701 3
136048 2
480303 1
873676 3
192424 3
412668 3
627520 3
656354 2
483260 2
642744 2
951706 2
176480 1
721588 2
772986 3
453559 3
23715 1
447193 3
343957 3
461680 3
948463 3
426575 3
815151 3
84625 2
343483 3
445607 2
391615 3
298281 1
385232 3
926972 3
230996 1
609959 1
838846 3
438767 3
159922 3
490614 3
780656 1
410691 2
278641 1
16603 1
742159 3
624223 3
82793 2
412378 3
29336 3
293183 2
981254 3
435527 3
221239 2
801104 1
338939 2
795570 3
101734 3
411801 2
423468 3
47907 1
528327 3
519557 1
884618 3
654343 1
991959 1
255325 3
645451 1
151566 1
871696 1
515353 2
334033 3
619022 1
638204 1
728642 1
634643 3
887560 3
509923 1
929640 3
187391 2
180273 3
315848 2
952578 2
915135 2
126934 3
568813 1
813858 2
906617 2
343433 3
3204 3
598892 3
234715 2
17626 2
80979 3
419809 2
338723 1
192992 3
219932 1
260423 2
849564 2
691525 2
748081 1
774882 2
986837 3
867233 3
838104 2
356393 2
906614 1
631693 3
925720 2
42435 3
628884 2
443027 2
365925 2
72868 1
423556 3
199738 2
330987 3
167335 3
783926 2
230789 2
204110 1
838376 2
366510 1
823345 1
972669 3
306650 1
526158 3
979582 3
374923 3
834677 1
325346 1
343962 2
804115 2
545502 2
146558 1
492387 3
223863 3
42693 2
286663 3
24642 2
598749 2
398073 2
162195 3
151520 1
594012 3
323595 2
4430 3
718046 3
548249 3
593768 3
173194 1
854209 2
973039 2
35040 3
468273 1
694594 1
83380 3
648536 3
67358 3
858333 3
112862 3
682573 3
969424 3
630780 2
417475 3
721344 1
72440 3
38306 1
621957 3
106181 2
264330 3
257638 2
312586 3
255811 1
156080 1
51126 2
30336 3
701999 3
335908 3
169368 1
568280 3
906994 2
273392 2
912577 1
827173 3
179180 1
252469 2
292115 1
733095 2
253336 1
962212 2
483587 3
971087 2
351919 2
624285 2
512907 1
538655 3
793764 1
785994 1
366743 3
373085 3
466626 1
157823 3
968747 1
556438 1
729945 3
124375 1
712966 1
852159 3
564267 1
807627 3
495862 2
577198 1
33704 2
811384 2
438329 2
63537 2
377855 2
25867 3
739112 3
213052 2
299589 3
121315 3
351052 3
899594 1
265094 1
609529 1
421546 2
222213 2
882600 2
602250 2
688634 3
863417 1
676185 3
645277 2
274124 3
56384 3
821067 1
257247 1
565152 3
915027 2
656787 1
51961 1
125591 3
130813 1
44694 2
573177 3
828712 3
290258 1
886133 2
220781 1
652505 1
316990 3
367749 1
897217 2
829061 3
792291 2
750303 2
253117 3
289428 2
158021 1
767417 1
661004 1
595347 1
55843 1
950650 3
296004 1
799265 3
306636 2
447306 3
952443 1
924044 2
284017 3
147391 1
475270 3
3765 3
685873 1
186112 3
935171 3
877029 1
957804 2
138342 1
926327 3
174176 2
872401 3
471436 3
615675 3
189812 1
18240 3
72821 3
422621 1
582059 1
202517 3
918761 3
458073 1
89931 2
21225 3
200699 3
101735 1
710251 2
100780 3
475586 2
346541 2
25496 3
764994 2
656610 2
789151 3
623996 3
131317 1
910712 3
395409 3
803888 1
890242 3
779320 3
419669 2
2220 2
271780 3
88687 3
106901 3
640625 1
952916 1
466248 1
56476 1
328969 2
909954 2
529406 2
376539 1
618369 3
469647 1
63143 3
7879 1
745004 2
63029 3
752871 1
846199 1
56104 2
435851 3
288924 2
541691 3
59549 2
319525 3
909101 2
104828 3
288458 2
816485 2
695666 1
697272 3
422195 2
3873 2
193205 2
236812 1
355189 2
509450 3
163754 3
695229 3
154966 3
63649 2
545604 2
218004 2
100825 3
281662 2
932180 2
444768 3
244532 2
179476 1
137415 2
659405 2
184462 2
177771 2
664008 1
648709 3
994586 1
597566 2
140990 1
398506 2
499711 2
901541 3
46989 3
6149 2
338375 2
184929 1
285611 3
438280 3
504812 1
669883 2
429335 1
12788 1
311385 1
207236 2
698337 2
733838 3
962896 1
39546 1
990643 3
858909 1
184184 3
329341 1
530016 3
326730 2
592407 3
206466 3
947988 3
925013 2
755424 3
338448 3
866445 3
326916 2
127680 2
277765 1
297159 1
375111 3
304994 1
89949 2
424691 2
242385 2
289673 2
16414 2
589056 2
347673 1
707333 1
175912 2
534567 3
156428 2
166859 1
558547 1
241250 3
244233 3
204895 1
816218 3
905262 1
252572 2
506270 2
603434 1
884686 3
615649 2
341778 2
472369 2
677134 3
187175 2
414702 2
576108 1
245554 2
146022 2
557502 2
683939 1
258648 2
809660 3
970070 3
262650 2
62309 2
234267 1
940946 2
627689 2
448483 1
730430 1
242926 2
418131 3
537855 2
673345 2
644440 3
899334 1
342784 1
236414 3
228129 3
847205 3
826872 3
927148 3
458015 2
17970 3
527581 1
54289 1
186673 3
457367 1
58314 3
505042 2
43811 3
153155 3
56352 1
461345 2
897670 2
784859 2
393056 3
934063 2
330635 1
574645 3
712754 1
244018 1
320489 3
493238 1
616695 1
828775 1
568681 1
324789 1
58503 1
4065 2
167054 1
344594 2
767512 1
558779 3
544403 2
613578 3
766412 1
312410 1
884296 3
143436 1
299590 2
13881 2
455547 3
436355 2
738588 3
210635 1
546760 1
153216 2
281082 2
966916 2
946337 2
914172 2
509778 2
560134 1
159372 3
485528 2
127645 1
534226 3
802820 2
856811 3
435882 3
738918 3
870360 3
961951 1
371024 3
233796 3
808359 2
48463 2
167610 2
186085 1
594329 3
948554 1
962791 3
141050 1
259298 2
756051 2
909309 2
293931 2
545497 1
663054 2
613245 2
642295 1
640765 1
960227 1
962933 2
147737 1
181084 3
454632 3
665465 1
285827 2
962646 1
809008 1
57175 2
613195 2
54859 1
556406 2
4520 2
230693 3
255705 1
794081 1
961760 1
271499 3
80841 1
810557 2
501839 1
793108 2
727868 1
149757 3
886885 3
702089 1
707158 1
866117 2
494726 2
590528 3
80658 2
974583 3
167823 2
613057 1
500063 3
349404 1
801047 2
783380 2
485787 2
575614 1
734679 1
319199 3
638105 1
507126 2
769061 2
914447 3
721909 2
535333 3
867300 1
67734 2
816455 3
822128 1
862413 2
845912 1
971521 1
1239 1
735351 1
711671 2
61389 2
101805 1
280279 2
294056 1
778028 1
698077 1
223535 1
230838 2
954931 2
539167 3
112673 1
461612 2
662960 3
162739 3
541980 2
600562 3
769648 3
246560 3
530906 2
267775 1
903344 1
701807 1
121774 2
508013 1
13601 1
762044 1
513205 3
675871 2
969238 1
571766 1
295658 2
416194 3
885454 3
28429 3
605479 2
618683 1
121419 3
881862 1
263882 1
475594 2
139740 2
344966 3
217256 2
21424 1
669218 2
719622 1
845209 2
783500 3
862282 2
791691 2
952762 3
422378 3
388530 2
999030 3
513079 1
490954 2
655769 3
626429 1
477166 3
691192 1
599961 1
531359 1
216925 3
257381 3
735490 2
154458 2
417977 2
344823 2
407144 2
818653 1
488657 3
552859 2
435227 3
570817 1
801597 2
961142 1
595206 3
69879 2
334286 1
308056 1
623296 2
275286 3
525032 2
190198 1
689392 2
939722 2
410716 3
411817 2
528753 2
160005 3
362758 3
863131 3
673846 2
490041 1
987688 2
556411 1
477752 1
369769 1
8744 2
698752 2
870548 2
873984 2
194882 3
930432 3
40059 3
34959 3
653631 3
107765 1
478405 3
242755 1
54172 3
259356 1
85723 2
477145 1
597068 2
594658 2
272503 1
375040 3
797041 2
693754 3
251907 2
387338 2
395202 3
257244 2
963512 2
529089 3
967148 2
45169 2
319864 2
476897 1
43324 1
883860 2
717246 1
17451 2
808058 3
869632 2
2085 2
101098 3
693680 1
148218 2
334383 3
4370 2
436122 2
898855 1
639592 1
355354 3
408421 3
401924 1
590338 3
25833 2
298512 1
319062 3
309388 3
144091 3
447730 1
564636 3
235292 1
732282 2
416423 3
397493 1
842070 2
722289 2
593086 2
611895 3
154385 3
353966 3
913416 1
956545 3
249589 2
209666 3
5698 1
160599 1
188050 3
388972 3
328930 3
195589 3
63175 1
577529 2
120088 3
652144 3
112521 2
13889 2
216944 2
360430 3
81416 3
608273 3
72835 1
633211 3
280482 1
717149 3
529797 2
760428 2
28484 1
327547 1
166469 1
634220 3
421882 3
655007 1
287163 1
633275 3
622533 2
409063 2
868527 3
145431 2
104903 3
230187 2
30182 3
357426 3
554240 3
52072 1
845764 2
190705 3
357081 3
393186 3
560753 3
512190 2
875512 3
831490 2
533519 1
998923 2
946592 3
166225 1
465972 2
285477 1
298339 3
20684 1
740235 3
273059 1
823685 1
889864 1
927738 3
729195 1
903813 3
886912 2
787143 2
556910 1
222275 2
692269 2
317508 3
362312 1
761299 3
459419 2
683092 2
199480 2
921694 3
681142 2
76211 2
621568 1
957759 1
270193 1
834545 1
417024 2
168595 3
358295 2
379315 3
659845 2
537239 1
567370 3
790722 3
952748 3
759014 1
756894 1
87058 1
992196 2
850509 1
501305 2
523908 1
834159 3
780591 2
801349 3
479826 1
489526 1
814857 1
783289 3
744913 1
728080 2
514938 1
389865 2
278692 1
219931 2
584043 1
316929 2
753685 3
393318 3
176 3
699648 1
451110 2
637694 1
128406 2
302186 2
325086 3
730983 3
753617 2
214770 2
301770 2
619936 3
225131 1
312058 2
129820 1
932472 2
154612 1
976685 2
348598 2
850926 2
358668 2
841934 1
190516 1
225102 1
987543 1
557403 3
483926 2
54041 2
31311 2
831594 1
872974 1
715405 2
644985 1
255325 2
920808 2
571391 2
983933 1
659868 3
912560 1
830074 3
491018 3
13728 1
424497 3
791092 3
826870 2
111955 1
975759 2
854570 2
884688 1
561912 2
329076 3
922201 3
580976 2
819390 3
256886 2
69380 3
363638 3
278993 1
839247 1
617303 3
628815 3
672676 3
609955 2
983937 1
487887 2
280367 2
117276 3
942760 2
576031 2
706566 1
715697 3
168193 1
843765 2
226820 3
655095 1
196609 1
522853 3
958005 1
783743 3
181847 3
708007 3
356293 1
431554 1
74120 2
245771 2
796729 2
289958 2
101234 3
872004 2
238314 3
354841 1
681015 3
789365 3
228512 3
248931 2
143863 3
126205 2
751072 1
490048 1
894330 3
968282 2
671083 2
521624 1
890621 3
904683 1
781161 3
571895 2
570949 3
279385 3
702685 1
658176 2
605622 3
589847 3
145970 1
302618 2
103785 3
724040 3
283303 3
775864 2
153722 2
977324 1
238733 2
935000 1
825616 3
40576 1
948535 1
972216 2
15684 2
400982 3
896237 2
640573 1
760584 3
846888 2
476134 1
773290 3
901004 1
18123 2
989184 2
162961 1
223344 2
193205 1
525195 2
117095 1
458388 1
754823 1
235210 3
256395 2
765875 3
25012 2
747999 3
372182 3
583888 1
411429 1
734558 2
409370 2
971941 1
56123 1
874523 1
891386 2
826698 1
428219 3
728413 2
353468 3
599212 3
551919 3
269593 3
600717 2
392598 1
811213 2
79885 1
857333 1
569043 2
522735 2
462705 3
123423 2
245061 2
718138 3
977658 3
305803 2
303903 1
827411 2
150490 3
939191 3
804014 1
204553 3
362287 3
564198 3
912467 1
686986 1
171851 1
78523 3
742253 1
630134 1
575152 3
627766 3
722360 1
108565 1
955742 2
852251 1
379522 3
225105 1
730075 1
556281 3
660562 2
719328 1
941606 1
116218 1
174234 3
316834 3
307588 1
193803 1
981459 1
510706 1
472480 3
571116 1
812867 3
716581 3
471856 3
173590 2
842562 1
992704 3
660741 1
597474 1
396998 3
766406 2
610259 2
708167 3
227879 3
258387 3
726519 2
125809 2
228005 3
546227 2
595631 3
664554 3
718937 3
458519 2
308762 1
41925 3
689423 2
741041 1
271150 3
424646 2
613466 1
186362 3
248957 2
627379 3
726952 2
668298 3
657895 1
30751 2
891741 1
272622 3
347509 3
535093 2
426127 1
965428 2
385044 2
116287 3
530575 3
490565 3
592776 2
800131 2
187639 3
437534 3
842743 2
121631 3
664971 2
671276 1
362757 1
385622 2
317 3
565229 1
557621 2
295125 2
97428 3
729085 3
99444 1
763850 3
311761 3
172639 2
290969 3
979244 2
654909 1
97141 3
955819 3
32496 3
996639 2
755558 3
359565 2
681909 2
893460 3
73147 3
915519 3
66031 2
922629 1
969756 3
679168 3
432968 1
650484 1
575248 3
885146 3
202273 1
614031 3
779455 1
30658 2
925826 3
944677 3
808080 1
259246 3
964099 3
513023 1
765943 1
48837 1
944233 2
723616 3
338973 1
457931 3
316308 3
338577 1
96365 3
433886 1
574231 1
959002 3
84303 1
937165 2
957644 1
43040 3
652650 2
885477 1
701251 2
589568 3
706016 3
171706 2
147978 3
866355 3
820613 1
259541 2
292373 3
811629 3
918294 3
110704 2
570641 1
987951 2
439197 2
447695 3
963738 1
217302 1
204381 2
605950 3
729914 2
276288 3
409882 3
479321 3
333119 3
280374 2
443572 2
312789 2
383679 3
636049 1
466248 1
346306 1
657645 1
689828 1
948346 2
563684 2
511222 1
453000 3
603688 3
50432 2
256685 3
31027 3
411669 1
714440 1
316190 3
636500 2
669289 1
373432 2
219882 3
314554 2
264442 2
463078 3
764712 3
759665 1
611857 3
869689 1
900356 2
852705 3
943111 3
641375 3
158669 3
797196 2
892106 2
581606 2
693045 2
983641 2
567432 1
979050 1
244124 3
960856 1
553002 1
977618 3
598220 1
143198 1
528391 1
340611 3
354907 1
132606 1
450260 3
612873 1
70143 3
784350 3
486285 1
934865 2
91356 2
395401 3
143000 2
12559 2
650890 2
644328 2
278949 3
997066 3
34216 2
161631 2
944561 3
277893 3
889324 2
859399 2
240153 1
443742 1
993690 1
399232 3
633466 2
914764 1
45230 3
427296 2
428143 3
159 1
293653 2
455447 2
324549 3
385037 1
78602 2
517311 1
264348 2
300453 3
591015 3
978239 1
234 1
880504 3
424086 2
128035 2
82233 1
460413 3
730248 3
435367 3
201970 2
819497 2
50583 1
592765 2
86318 1
622923 2
133060 3
731116 3
381828 1
566163 1
306007 1
432559 2
221350 3
976057 3
223233 1
420684 1
414249 2
872381 1
47194 1
56951 3
451626 2
743834 1
386614 3
22221 1
767946 3
542348 3
554975 3
812320 2
950480 3
649626 1
966264 1
926529 1
837970 1
819816 1
734404 2
877918 1
699921 3
352225 1
792759 3
404419 3
937927 2
997984 2
100133 2
509553 2
433 3
354563 3
749653 2
211717 2
452351 1
752051 3
46958 3
130928 1
390921 3
885094 3
874092 3
291939 2
649236 3
694419 1
905507 2
772634 2
478826 2
251823 3
492588 2
76604 2
652722 3
652558 2
283097 1
358806 2
180386 3
169001 2
891950 1
883224 2
75937 3
169524 1
189735 3
341426 1
871057 1
556470 2
25365 2
910933 2
813999 3
727134 3
449288 3
182292 3
946094 3
311667 1
753644 3
333782 1
497169 3
191797 3
895795 1
182634 3
291280 2
554282 1
121614 3
991689 3
104163 3
983001 1
854950 2
160394 2
163819 1
843577 3
169678 3
179040 3
235623 1
464459 1
410729 1
475156 1
983383 3
868352 2
780521 1
30953 3
547737 3
57908 2
957181 1
900737 1
533309 2
109581 1
60979 1
7192 2
846021 1
579563 1
535371 2
845433 2
71965 1
975689 2
759060 1
973746 2
339258 1
299234 2
455482 3
419917 2
854260 2
910498 3
216124 2
382052 1
553588 3
222091 2
704073 2
852802 1
563314 3
973820 1
354217 3
45888 3
406759 2
93089 2
636488 3
753850 2
152292 1
394713 1
198564 2
15907 1
942533 2
624054 3
454432 3
724847 1
596379 1
597389 2
435217 1
51845 1
225244 1
443414 2
968690 1
818126 1
54928 1
199782 2
503855 1
192367 1
894522 2
268598 1
147016 3
342752 3
943751 2
484765 3
725750 2
922584 1
880162 3
801084 2
947165 3
518360 2
417571 3
844033 1
966878 1
439217 2
777158 1
844104 3
935092 3
476650 2
762636 3
694635 2
336198 3
513421 3
380887 2
143010 1
188300 3
110542 3
199478 2
368166 3
419073 3
451267 1
882455 2
448289 3
984350 3
270977 2
595836 3
472614 2
545863 1
651875 1
224192 1
301240 3
774521 1
811390 1
589736 1
226859 1
595660 1
263208 3
115314 2
42305 3
942633 3
979822 1
622721 2
267839 1
835190 3
435519 2
207728 3
542059 1
849018 2
658702 1
383243 1
430362 3
292866 2
672458 1
932004 1
154847 3
659658 1
952278 2
160209 1
999577 2
167997 2
779831 2
493497 1
395093 1
460470 1
621706 2
606681 1
936105 1
775156 3
912018 3
528632 2
836249 2
156750 3
867796 2
413739 2
573822 1
523701 3
216046 1
921333 3
732410 2
657776 1
961412 2
394492 1
290298 3
432456 1
573321 2
279625 3
862585 3
846564 3
221534 3
478252 2
649898 3
679543 3
939009 3
572375 1
97620 2
834779 2
840966 3
114858 2
519532 2
687378 3
779084 2
426205 1
189778 1
2809 2
59712 3
589164 1
657063 1
242814 2
105022 1
582546 3
284979 1
324989 3
185998 1
745674 1
272378 3
152450 2
606160 2
14863 2
657693 2
479982 3
964958 2
623343 1
61106 1
933086 3
379703 3
206026 1
168488 2
246318 3
794973 3
500527 1
210995 1
37342 2
758391 1
85840 1
944241 1
683089 1
291666 3
850089 3
880951 3
114433 3
735828 3
128734 3
780997 3
595799 2
699550 1
704670 2
652725 3
806092 2
489456 2
111601 1
769486 1
787371 2
651342 1
932105 3
455260 1
577661 3
501193 3
31800 1
643303 1
594314 3
774922 2
921003 1
461698 1
84330 2
775725 2
685310 3
349737 2
208036 2
647959 3
176478 3
459033 2
572535 3
656456 3
405042 1
343257 2
281325 2
600179 1
326044 1
190432 3
816510 1
739111 2
459309 2
101659 3
319980 2
863307 2
35655 2
170207 3
90001 1
382997 3
610447 1
364862 2
359596 3
568651 3
335910 3
471438 2
673131 3
319920 2
333596 3
596367 1
427515 2
92347 3
858415 3
986263 1
394420 1
860762 1
195641 2
167372 1
289920 3
248264 3
482292 3
658816 2
707967 1
199704 2
894298 2
763534 3
984097 3
828559 1
890853 2
190824 2
805786 1
316120 2
457370 3
514400 3
635847 3
991891 3
538429 2
719861 1
265294 1
974111 1
102148 3
345486 1
62054 3
999294 3
527351 2
970257 3
731960 3
319711 2
254976 2
53015 3
658411 3
797702 3
895091 3
376663 1
137112 1
575737 1
230965 3
601310 2
72306 1
951130 2
811557 2
680275 1
950893 3
334301 2
73871 2
142845 3
160855 2
419516 1
186548 2
497708 2
970379 2
946979 1
56126 2
260951 3
734099 3
685217 2
187360 2
362537 1
142852 2
512632 2
339019 1
935177 1
583357 1
727156 3
166552 1
739481 1
924230 3
962886 3
293046 1
729314 2
294729 2
342634 3
499868 3
511254 2
672649 3
745271 2
978405 3
702062 2
347760 3
316794 2
834311 1
438067 3
577208 2
604008 3
285654 3
540369 2
999265 2
939738 1
246383 3
89785 3
621864 3
958465 2
236519 1
415413 2
452295 1
371309 1
810467 2
750750 1
84489 1
379252 1
944867 2
61249 3
810280 1
353517 3
77380 3
797243 3
71076 1
661992 1
737826 1
576109 1
316309 2
770634 2
963071 1
47619 3
585110 1
998730 3
937069 1
446354 1
377579 2
556938 3
547481 2
585092 1
632086 1
747012 1
800249 3
293093 2
874992 2
452112 2
283560 3
553168 3
859194 3
296611 2
122589 1
841448 1
257917 2
104304 2
116434 3
423753 3
230146 3
533917 2
998639 2
612480 3
924101 3
20841 2
12735 2
237896 1
235176 3
403975 3
244174 3
837768 2
384737 1
866600 3
400086 2
319205 1
136183 2
70186 2
978258 2
96651 3
714691 2
610033 3
16737 1
959909 3
747034 2
171662 1
865466 3
176119 2
787887 1
16851 2
671364 2
579583 3
249028 1
678234 2
518251 2
653362 3
797839 2
991361 2
413022 1
856523 2
541509 3
843124 3
559482 1
700978 2
563351 1
265465 2
611249 1
331784 3
627641 3
753264 2
845124 2
614838 2
119368 2
935310 1
446338 2
985865 1
535335 1
977278 1
347086 3
564598 3
92978 3
345594 3
309751 3
288064 2
273338 1
811118 1
196219 3
66881 1
364580 3
821533 1
614703 1
218473 3
322468 3
621356 1
385470 1
681104 2
514201 2
748479 3
516890 1
762643 2
162018 3
786132 3
633196 3
427967 2
552976 3
499197 1
45382 2
378899 2
331307 2
733758 3
906628 2
430599 3
439772 3
708802 1
143668 2
938308 3
526391 2
578982 1
105501 1
278353 1
882986 2
397340 1
120860 3
637312 3
231926 2
856901 2
405831 2
613265 3
927482 1
440041 2
13049 2
383010 2
388198 2
854540 3
763852 2
439170 3
826696 2
885218 3
354822 2
151097 1
593296 1
40074 3
80108 2
653464 3
699891 2
619821 1
860933 1
816466 1
340448 1
89723 3
523706 2
301534 2
474572 2
882658 3
518130 2
956457 3
790515 2
12287 3
516719 2
53837 3
614054 1
125261 2
587136 1
126766 3
579635 2
871348 1
878745 3
405640 3
130190 3
720412 2
14794 1
110015 3
162032 2
605124 2
631632 1
99411 3
381248 3
18330 2
756361 2
636969 3
187971 2
443979 3
964345 3
269870 2
154958 3
250505 1
507957 1
80417 1
416876 2
425592 3
858001 1
811695 3
536697 2
781199 3
349180 2
621706 1
665607 1
507780 3
871055 2
469887 1
62847 1
206590 2
795865 3
389930 3
291882 3
778977 2
584642 2
152786 2
659299 2
801588 3
763008 2
73782 2
712866 3
266370 3
208076 2
967746 2
865117 1
814294 1
937845 2
506049 2
458913 2
841692 2
844509 2
479468 1
841355 2
108123 2
63081 1
720779 3
262463 2
724670 1
916736 2
690986 1
665038 3
651578 1
630283 2
983092 1
682096 3
84130 2
253170 1
247313 2
408291 1
355684 1
483428 3
291654 1
761739 1
236757 1
333963 3
361739 2
502626 1
759079 3
832601 3
853806 1
225038 1
943514 3
197287 3
964786 1
888389 2
60757 2
177856 1
33346 2
704878 2
303715 3
505769 3
575826 3
449361 2
471 2
643231 3
270969 1
508061 1
746752 3
273087 3
397343 3
232511 2
86788 3
220918 3
477370 2
415143 2
621486 3
750718 3
131863 3
952917 2
672809 1
425592 3
398988 1
15423 1
883284 1
974844 1
21534 3
283827 1
379531 3
858894 1
456425 2
77096 1
378722 3
473411 3
610361 3
431891 1
366883 2
184070 2
555504 2
452549 2
227937 1
633351 2
729104 3
497540 1
952402 3
10769 3
370994 3
18829 1
804639 3
227955 1
202826 3
120526 1
77573 1
189991 3
602990 3
153253 2
813776 3
604401 1
781097 1
910614 2
121828 2
19203 3
705944 3
244186 3
966862 3
31444 1
790861 2
163437 3
564195 1
857598 3
590357 1
736967 2
754954 2
707259 3
11953 1
361499 1
992605 1
651517 1
797128 2
214995 3
819286 3
927436 1
275271 1
960341 3
960857 2
870029 2
644553 1
15970 3
419565 2
913142 3
283614 3
959859 1
193240 3
350661 1
847988 3
883290 3
499918 1
799427 1
155161 2
760782 3
636807 1
555292 3
112163 1
152608 2
852495 2
283695 1
189622 3
806300 2
861310 1
736195 2
196155 2
973539 1
878734 2
434329 2
357036 1
508856 2
306787 1
512242 3
951015 2
66528 3
448274 2
159467 3
9225 3
962091 2
878810 1
355264 1
830052 3
514871 3
355531 1
835944 1
313908 3
937941 3
391385 2
486561 3
371777 2
91899 3
873927 3
598385 1
911472 2
668897 1
357508 2
683577 1
155494 1
623304 3
907776 3
788448 1
294394 3
915419 3
627384 1
496727 2
729560 2
884641 3
241826 3
64236 1
409323 2
818502 1
374292 1
376379 1
12290 1
533967 2
388458 1
669856 1
981818 1
37407 1
928116 1
209997 2
665523 1
579652 2
532542 3
365139 1
63742 1
672537 1
956524 1
769434 1
940846 2
883332 1
73942 1
515510 3
303312 3
473480 3
493811 2
568383 1
498469 1
198033 1
267694 1
842024 3
437805 1
832204 1
317392 3
629993 1
698764 1
241437 1
461817 3
331548 2
508920 3
61402 2
171952 2
664626 1
866450 2
304316 2
432804 1
807108 1
300797 3
458006 1
341260 1
157780 1
27445 3
894114 2
318750 2
658384 3
500695 1
651847 2
67625 2
868171 3
618367 2
913689 3
650148 1
232370 1
82318 3
739472 2
319022 1
235962 3
668693 3
875213 3
978337 1
384183 2
411807 2
703128 1
403867 2
201152 1
955574 1
649224 3
601605 3
688030 3
576381 2
614884 1
933450 3
932126 2
631311 1
248835 3
888953 3
808338 2
435638 3
125926 2
632024 2
964357 3
823478 3
149103 2
701510 1
531025 1
895514 1
741001 1
494550 1
249260 3
707708 2
641551 3
411607 1
954947 1
904889 1
378014 3
792098 3
613214 1
553137 1
723845 1
19507 1
343484 3
674863 1
712790 3
424909 3
126726 1
240496 2
24633 3
867791 2
136291 1
620677 2
808984 3
123101 1
883763 3
752869 1
263531 2
453400 1
621205 1
526294 1
533150 1
995050 2
691235 1
139096 3
746278 2
837332 1
766306 1
431639 3
254971 2
923405 3
168633 2
449847 2
395033 2
152001 1
712134 3
742492 2
332637 1
308781 3
757828 3
146337 2
813838 1
706243 1
424064 3
63036 2
883385 2
661093 1
143020 2
481706 2
889238 2
187987 2
4838 3
251065 1
339195 2
538550 1
580849 3
355055 3
426045 2
464576 1
167249 3
195847 3
287635 1
334313 1
640661 3
138138 1
318276 1
480748 1
366984 1
818643 2
97877 1
410793 3
854925 2
974702 1
755234 2
754272 3
95629 2
795880 2
831853 2
81627 3
779815 1
52499 3
962748 3
969240 3
833816 2
504984 2
940578 3
941287 1
965939 3
347940 3
979575 1
167015 1
164540 2
692867 2
245625 3
42365 3
339233 1
343411 1
968949 1
34836 2
546627 2
367070 2
705756 1
420501 2
492007 2
217246 2
565296 1
792080 1
248357 1
409566 1
468713 1
466975 3
384142 2
6357 3
756098 2
174177 3
941243 3
413212 3
708160 3
648950 1
954457 1
241515 1
798914 2
14187 2
453972 2
240866 1
745786 1
77374 2
142216 2
555291 1
673562 1
922026 2
186493 3
807152 2
958559 3
422542 2
818805 3
762657 1
569453 1
561354 3
684271 1
582887 2
971144 2
677302 1
129555 3
914233 1
908084 3
24116 2
872689 2
322161 3
633466 1
267934 1
745728 2
822203 2
400681 2
802743 2
451612 1
512079 1
283444 1
12670 3
526659 2
558874 1
641009 3
860005 1
950102 1
45147 1
794865 3
427882 3
92047 3
427904 3
733328 1
296519 1
941296 2
614328 1
910429 1
881916 1
804410 1
908176 1
455512 1
115923 2
917436 1
330748 3
359939 3
96591 2
661696 3
70335 1
457318 3
587695 1
325052 1
64054 1
263653 2
496351 2
600043 1
965975 2
993821 1
707631 1
260310 3
5440 2
320793 2
905070 3
706705 1
489493 2
693993 2
255987 2
324506 2
953315 3
283206 2
90517 1
843125 3
212582 3
864448 3
953265 3
139728 1
821638 2
214186 3
656479 2
178173 3
691401 1
828339 1
213665 3
24662 2
870906 3
32445 1
782534 3
131531 2
746383 1
799412 2
996191 3
330563 3
161795 1
841253 2
311485 2
227245 3
214711 2
791216 2
253406 1
937377 1
731462 2
542717 2
684451 1
357422 1
675444 3
61469 2
477856 3
410025 2
992503 2
237233 1
223610 3
956092 3
647301 3
591581 3
846141 1
314837 3
854562 3
908085 2
262601 1
583219 1
759107 1
101334 1
460642 1
196146 2
68600 1
891197 2
624585 3
418880 1
392882 1
98716 2
188911 2
713036 3
293824 3
630056 2
947953 2
167582 1
299599 2
464912 3
600712 2
436249 3
387265 3
215773 3
359701 3
872754 3
687593 1
74454 1
502718 3
805248 2
416015 3
212311 2
996457 1
141384 3
283626 2
950523 1
570867 3
745431 2
892124 2
266871 1
873160 3
278813 3
866610 3
455408 3
580374 3
445509 1
730146 2
5424 1
599403 1
833691 1
773982 1
16125 2
733396 3
795035 3
427349 2
713413 1
443427 3
53083 2
880742 2
885191 3
584356 2
982090 2
966575 2
301596 3
243770 2
747736 1
551142 2
436549 1
62924 1
751129 2
941762 1
57058 3
668580 1
67497 1
63035 2
496653 2
94654 2
820976 3
406112 1
679374 3
322576 2
686895 1
4873 2
210715 1
319271 3
962982 2
942933 3
101928 2
201666 1
900870 3
145373 3
944097 1
406626 1
239337 3
459115 3
598387 1
995230 2
130666 1
275828 2
718868 3
470296 3
901539 3
201285 3
674336 3
736047 3
339876 3
525080 3
685513 1
78847 2
449015 2
494597 3
244063 3
297887 1
860644 1
647150 3
129799 1
364751 2
347902 2
704195 3
592510 2
240754 2
130026 1
781521 1
514800 2
730961 3
909988 1
919323 2
622364 3
503793 2
836499 2
186076 1
58074 1
655136 3
831800 3
860094 1
886322 3
445841 3
976640 2
442702 3
343996 3
91534 2
893856 2
506915 1
904504 1
733645 3
321949 1
635536 2
471256 3
970547 2
320071 1
952570 3
267016 2
577731 2
795831 2
1877 2
235502 3
295905 2
297315 2
976952 1
21683 2
815934 1
260740 3
555753 2
847141 3
339527 3
155136 2
844467 1
846928 2
344574 3
215473 2
184142 2
684308 3
434036 3
705631 2
824072 1
509810 1
397303 1
902623 2
715849 2
580974 1
862921 1
243477 1
931990 2
109220 3
171593 1
326186 3
463042 1
150224 2
348365 2
706120 2
397071 3
604230 3
302895 3
679328 2
735443 2
642683 1
636723 3
494113 3
348807 1
127603 2
686439 1
682305 1
827173 3
840103 1
681658 3
451622 1
228010 3
584452 3
146706 2
330541 2
976255 2
484102 1
924932 2
507075 1
420144 2
36064 1
454541 2
552861 3
796777 2
740065 3
174859 1
473978 3
611312 1
368872 1
191937 3
279882 3
683705 1
196197 2
582402 1
511883 2
366897 2
748591 2
964459 1
422558 1
690353 3
897731 2
214943 3
747510 2
432865 2
359504 1
461343 2
260882 2
378516 2
916297 3
727692 3
556028 1
259722 3
928904 2
863233 3
742746 1
141250 3
954443 2
632767 3
2492 2
249124 2
536702 3
97588 3
192956 3
498316 3
485316 1
665919 1
943438 2
223146 1
210177 2
441737 3
932402 2
864274 2
927493 1
750921 1
288630 2
616211 3
803892 1
973595 1
307384 1
289239 2
354980 2
61609 3
922966 1
889664 2
664765 3
370031 1
629101 1
672288 1
242350 1
681580 2
788539 2
669019 1
582294 1
552896 3
523284 2
947527 3
745057 2
361550 3
626857 2
103842 1
523935 2
682708 1
189998 3
742812 1
14886 2
874358 2
881216 1
950312 3
655649 1
999987 2
73591 1
11129 2
50579 2
467641 3
259231 3
876417 2
147587 3
14253 3
442803 1
134627 3
583601 2
914154 2
455522 3
489825 3
264949 1
540676 3
381032 3
1307 1
499073 1
659747 3
534558 1
588399 2
243984 1
84387 1
686755 2
554374 1
291854 1
569008 2
473654 1
133372 3
453159 3
72437 1
184104 3
314235 3
57784 3
768547 1
366131 2
445176 3
339477 1
433423 2
943602 2
373161 3
520083 2
87952 1
784623 3
121937 1
659949 3
24760 2
913050 1
362600 1
590903 2
598388 1
804547 3
180610 1
498232 1
407617 1
458575 3
893155 1
968039 2
748860 2
187730 2
920785 1
566413 1
469505 3
315833 3
967205 2
266795 1
600134 1
226183 2
11141 3
291957 1
394520 2
451366 3
864193 3
187007 1
656302 1
746044 2
298560 3
189804 2
481250 3
334118 2
998568 3
215221 1
794021 1
771669 3
839892 1
19629 2
308327 3
117104 3
250379 3
362033 1
789393 1
349880 1
656386 3
228254 3
747645 2
229242 3
268529 3
434572 1
942508 1
34370 3
710765 3
177219 1
325230 3
877333 1
246686 1
344154 1
299644 2
530269 2
606968 3
655504 3
429764 1
958199 2
671846 3
949086 3
973123 2
998858 3
512544 1
177418 3
868771 1
880984 2
545558 2
932622 3
58819 2
522443 3
803698 1
565629 2
272454 2
799606 2
577798 2
216084 1
651324 3
229389 2
933000 1
319367 2
845192 1
755359 3
853510 1
407131 1
456779 1
579305 1
19749 3
267767 3
964690 3
229688 3
471789 1
783191 2
503343 2
308384 2
662989 1
8381 2
128787 3
607101 3
657734 1
310044 3
449339 3
534908 1
477185 1
630841 2
749923 2
48253 2
846947 2
195564 3
989039 2
524899 2
850555 2
225675 2
297254 1
273174 3
242695 3
478617 3
856118 3
617933 1
426056 3
678290 3
286433 2
754664 3
345725 2
153117 3
924753 2
813107 2
805029 2
248094 2
617043 1
821836 2
956735 3
327231 1
908390 2
515164 1
973501 2
432793 1
757683 3
173820 3
151505 1
917750 3
156157 1
940773 3
951137 1
617833 3
278715 2
303622 3
728677 1
379612 1
46937 1
684964 2
162855 3
10999 2
232667 3
332134 2
630200 1
970577 3
481103 3
947727 3
33094 1
362172 2
882287 2
752313 2
834423 1
51064 2
969898 3
920753 2
302741 2
968247 3
276262 2
583503 2
221851 3
919146 2
822480 1
834346 1
568710 1
463196 3
172584 2
435920 2
913555 1
680691 3
930622 1
164482 2
546180 3
893300 1
809582 1
985292 2
582234 3
654672 2
651063 3
500028 1
553489 2
577524 1
24596 3
357654 3
235941 3
813624 3
285522 1
570115 2
719687 2
253065 1
220327 3
924303 2
974459 2
759261 3
658363 3
931669 3
414736 2
6037 3
678824 1
6905 2
218333 2
733249 3
291921 1
817098 3
402377 3
487326 3
723138 3
992759 3
910569 2
163137 1
679481 2
642137 1
215650 2
913600 3
226632 2
360221 1
190969 2
243436 3
155910 3
673843 2
255063 1
353465 2
969943 1
114277 1
43147 3
51867 2
865957 2
358754 2
109432 3
798794 3
345602 1
132282 2
414176 2
700757 1
330195 3
811199 2
599360 3
521192 3
910313 1
919844 3
306914 3
23592 1
108626 1
961766 1
43386 2
213639 3
284883 1
276875 3
344969 1
296725 3
61948 3
865930 3
246784 3
417269 3
901813 2
373793 2
310332 3
496247 1
710465 3
672827 1
713018 2
733322 3
100543 3
737876 1
153656 3
590007 2
190664 1
754196 1
577856 2
320240 2
70352 1
649782 2
977203 2
364793 3
309446 1
493468 2
766138 3
175924 2
140920 2
450219 2
490436 2
288663 1
196007 1
235021 2
871202 1
705152 2
920536 1
256771 2
438275 3
908442 3
51387 1
893579 3
256964 1
72144 2
781975 2
590881 1
502004 2
282364 2
495664 2
723778 2
882656 2
838290 3
196019 2
414995 2
172840 1
947881 1
12807 2
749883 1
350221 1
385030 2
412643 1
79852 3
98150 1
924621 3
993195 2
355660 1
674361 1
621894 3
989854 2
681943 2
400336 3
252504 2
873774 1
534412 1
275245 1
479699 2
670184 1
331114 3
468362 3
565014 2
875888 3
299160 3
693869 1
688893 2
104846 1
828334 3
721950 3
197632 3
840756 1
752988 3
530080 3
343070 3
925535 3
253617 2
848425 3
331416 2
662607 2
319544 1
103245 1
747628 3
663901 3
964095 3
12218 1
671746 2
819475 2
633693 3
335586 3
53590 3
18661 3
502257 3
537027 1
162220 1
501645 2
592331 3
358166 3
176579 3
970381 1
914335 1
560629 3
233708 2
837758 1
65351 3
339535 1
500954 3
